timestamp docsize shelfsize copies lifem simlength seed lost docstotal docsokay docsrepairedmajority docsrepairedminority docslost auditcycles auditfrequency auditsegments auditrepairs auditmajority auditminority auditlost glitchfreq glitchimpact glitchdecay glitchmaxlife nglitches walltime cputime logfilename logfilesize instructionfilename todaysdatetime extractorversion mongoid
20150711_135436 50 1 1 10 100000 919028296 3986 10000 6014 0 0 3986 0 0 0 0 0 0 0 10000 33 0 1000 5 12.259 2.73 ../q4/./log/doc50cop1shlf1lif10_af0s1tTOTAL_gf10000i33d0m1000_seed919028296.log 1653169 q3-extractinstructions.txt 20150711_135501 0.5 559f0b1e7768393544b497e8
20150711_135440 50 1 1 10 100000 103765041 4039 10000 5961 0 0 4039 0 0 0 0 0 0 0 10000 33 0 1000 8 12.700 2.575 ../q4/./log/doc50cop1shlf1lif10_af0s1tTOTAL_gf10000i33d0m1000_seed103765041.log 1672547 q3-extractinstructions.txt 20150711_135506 0.5 559f0b1e7768393544b497e9
20150711_135446 50 1 1 10 100000 141246882 3975 10000 6025 0 0 3975 0 0 0 0 0 0 0 10000 33 0 1000 1 16.099 2.387 ../q4/./log/doc50cop1shlf1lif10_af0s1tTOTAL_gf10000i33d0m1000_seed141246882.log 1655286 q3-extractinstructions.txt 20150711_135514 0.5 559f0b1e7768393544b497ea
20150711_135451 50 1 1 10 100000 681028781 4088 10000 5912 0 0 4088 0 0 0 0 0 0 0 10000 33 0 1000 10 17.633 2.294 ../q4/./log/doc50cop1shlf1lif10_af0s1tTOTAL_gf10000i33d0m1000_seed681028781.log 1690417 q3-extractinstructions.txt 20150711_135522 0.5 559f0b1e7768393544b497eb
20150711_135457 50 1 1 10 100000 117661523 3963 10000 6037 0 0 3963 0 0 0 0 0 0 0 10000 33 0 1000 4 19.571 2.589 ../q4/./log/doc50cop1shlf1lif10_af0s1tTOTAL_gf10000i33d0m1000_seed117661523.log 1637005 q3-extractinstructions.txt 20150711_135529 0.5 559f0b1e7768393544b497ec
20150711_135502 50 1 1 10 100000 105731136 3964 10000 6036 0 0 3964 0 0 0 0 0 0 0 10000 33 0 1000 2 19.606 2.309 ../q4/./log/doc50cop1shlf1lif10_af0s1tTOTAL_gf10000i33d0m1000_seed105731136.log 1638702 q3-extractinstructions.txt 20150711_135535 0.5 559f0b1e7768393544b497ed
20150711_135507 50 1 1 10 100000 967561224 3984 10000 6016 0 0 3984 0 0 0 0 0 0 0 10000 33 0 1000 6 20.015 1.903 ../q4/./log/doc50cop1shlf1lif10_af0s1tTOTAL_gf10000i33d0m1000_seed967561224.log 1654080 q3-extractinstructions.txt 20150711_135541 0.5 559f0b1e7768393544b497ee
20150711_135513 50 1 1 10 100000 420477893 4082 10000 5918 0 0 4082 0 0 0 0 0 0 0 10000 33 0 1000 6 20.336 2.543 ../q4/./log/doc50cop1shlf1lif10_af0s1tTOTAL_gf10000i33d0m1000_seed420477893.log 1692726 q3-extractinstructions.txt 20150711_135548 0.5 559f0b1e7768393544b497ef
20150711_135517 50 1 1 10 100000 263688301 4068 10000 5932 0 0 4068 0 0 0 0 0 0 0 10000 33 0 1000 12 18.906 2.543 ../q4/./log/doc50cop1shlf1lif10_af0s1tTOTAL_gf10000i33d0m1000_seed263688301.log 1687567 q3-extractinstructions.txt 20150711_135551 0.5 559f0b1e7768393544b497f0
20150711_135522 50 1 1 10 100000 50746969 4108 10000 5892 0 0 4108 0 0 0 0 0 0 0 10000 33 0 1000 13 20.252 2.667 ../q4/./log/doc50cop1shlf1lif10_af0s1tTOTAL_gf10000i33d0m1000_seed50746969.log 1703499 q3-extractinstructions.txt 20150711_135557 0.5 559f0b1e7768393544b497f1
20150711_135528 50 1 1 10 100000 533657980 4084 10000 5916 0 0 4084 0 0 0 0 0 0 0 10000 33 0 1000 8 23.962 2.56 ../q4/./log/doc50cop1shlf1lif10_af0s1tTOTAL_gf10000i33d0m1000_seed533657980.log 1702652 q3-extractinstructions.txt 20150711_135605 0.5 559f0b1e7768393544b497f2
20150711_135532 50 1 1 10 100000 711283608 3950 10000 6050 0 0 3950 0 0 0 0 0 0 0 10000 33 0 1000 4 24.664 2.262 ../q4/./log/doc50cop1shlf1lif10_af0s1tTOTAL_gf10000i33d0m1000_seed711283608.log 1641003 q3-extractinstructions.txt 20150711_135611 0.5 559f0b1e7768393544b497f3
20150711_135538 50 1 1 10 100000 597296547 3991 10000 6009 0 0 3991 0 0 0 0 0 0 0 10000 33 0 1000 3 24.492 1.669 ../q4/./log/doc50cop1shlf1lif10_af0s1tTOTAL_gf10000i33d0m1000_seed597296547.log 1648456 q3-extractinstructions.txt 20150711_135616 0.5 559f0b1e7768393544b497f4
20150711_135543 50 1 1 10 100000 664375964 4093 10000 5907 0 0 4093 0 0 0 0 0 0 0 10000 33 0 1000 6 23.890 2.013 ../q4/./log/doc50cop1shlf1lif10_af0s1tTOTAL_gf10000i33d0m1000_seed664375964.log 1689297 q3-extractinstructions.txt 20150711_135620 0.5 559f0b1e7768393544b497f5
20150711_135550 50 1 1 10 100000 258760793 4090 10000 5910 0 0 4090 0 0 0 0 0 0 0 10000 33 0 1000 6 22.118 2.324 ../q4/./log/doc50cop1shlf1lif10_af0s1tTOTAL_gf10000i33d0m1000_seed258760793.log 1693135 q3-extractinstructions.txt 20150711_135625 0.5 559f0b1e7768393544b497f6
20150711_135553 50 1 1 10 100000 666549275 3980 10000 6020 0 0 3980 0 0 0 0 0 0 0 10000 33 0 1000 3 19.658 2.449 ../q4/./log/doc50cop1shlf1lif10_af0s1tTOTAL_gf10000i33d0m1000_seed666549275.log 1642332 q3-extractinstructions.txt 20150711_135626 0.5 559f0b1e7768393544b497f7
20150711_135558 50 1 1 10 100000 376517787 4092 10000 5908 0 0 4092 0 0 0 0 0 0 0 10000 33 0 1000 12 19.469 2.605 ../q4/./log/doc50cop1shlf1lif10_af0s1tTOTAL_gf10000i33d0m1000_seed376517787.log 1689161 q3-extractinstructions.txt 20150711_135631 0.5 559f0b1e7768393544b497f8
20150711_135605 50 1 1 10 100000 817713633 3991 10000 6009 0 0 3991 0 0 0 0 0 0 0 10000 33 0 1000 8 18.056 2.871 ../q4/./log/doc50cop1shlf1lif10_af0s1tTOTAL_gf10000i33d0m1000_seed817713633.log 1667067 q3-extractinstructions.txt 20150711_135636 0.5 559f0b1e7768393544b497f9
20150711_135609 50 1 1 10 100000 519606501 4077 10000 5923 0 0 4077 0 0 0 0 0 0 0 10000 33 0 1000 7 17.711 2.683 ../q4/./log/doc50cop1shlf1lif10_af0s1tTOTAL_gf10000i33d0m1000_seed519606501.log 1687445 q3-extractinstructions.txt 20150711_135639 0.5 559f0b1e7768393544b497fa
20150711_135623 50 1 1 10 100000 715258232 4041 10000 5959 0 0 4041 0 0 0 0 0 0 0 10000 33 0 1000 7 17.761 2.216 ../q4/./log/doc50cop1shlf1lif10_af0s1tTOTAL_gf10000i33d0m1000_seed715258232.log 1678494 q3-extractinstructions.txt 20150711_135653 0.5 559f0b1e7768393544b497fb
20150711_135629 50 1 1 10 100000 792850679 4032 10000 5968 0 0 4032 0 0 0 0 0 0 0 10000 33 0 1000 5 15.456 2.263 ../q4/./log/doc50cop1shlf1lif10_af0s1tTOTAL_gf10000i33d0m1000_seed792850679.log 1664078 q3-extractinstructions.txt 20150711_135656 0.5 559f0b1e7768393544b497fc
20150711_152820 50 1 1 20 100000 919028296 2278 10000 7722 0 0 2278 0 0 0 0 0 0 0 10000 33 0 1000 13 7.815 1.341 ../q4/./log/doc50cop1shlf1lif20_af0s1tTOTAL_gf10000i33d0m1000_seed919028296.log 931761 q3-extractinstructions.txt 20150711_152838 0.5 559f0b1e7768393544b49866
20150711_152822 50 1 1 20 100000 103765041 2259 10000 7741 0 0 2259 0 0 0 0 0 0 0 10000 33 0 1000 5 8.023 1.233 ../q4/./log/doc50cop1shlf1lif20_af0s1tTOTAL_gf10000i33d0m1000_seed103765041.log 922644 q3-extractinstructions.txt 20150711_152841 0.5 559f0b1e7768393544b49867
20150711_152825 50 1 1 20 100000 141246882 2166 10000 7834 0 0 2166 0 0 0 0 0 0 0 10000 33 0 1000 1 7.737 1.279 ../q4/./log/doc50cop1shlf1lif20_af0s1tTOTAL_gf10000i33d0m1000_seed141246882.log 883973 q3-extractinstructions.txt 20150711_152842 0.5 559f0b1e7768393544b49868
20150711_152827 50 1 1 20 100000 681028781 2259 10000 7741 0 0 2259 0 0 0 0 0 0 0 10000 33 0 1000 6 8.175 1.497 ../q4/./log/doc50cop1shlf1lif20_af0s1tTOTAL_gf10000i33d0m1000_seed681028781.log 920643 q3-extractinstructions.txt 20150711_152845 0.5 559f0b1e7768393544b49869
20150711_152829 50 1 1 20 100000 117661523 2219 10000 7781 0 0 2219 0 0 0 0 0 0 0 10000 33 0 1000 4 8.857 1.373 ../q4/./log/doc50cop1shlf1lif20_af0s1tTOTAL_gf10000i33d0m1000_seed117661523.log 905537 q3-extractinstructions.txt 20150711_152848 0.5 559f0b1e7768393544b4986a
20150711_152831 50 1 1 20 100000 105731136 2304 10000 7696 0 0 2304 0 0 0 0 0 0 0 10000 33 0 1000 10 9.506 1.529 ../q4/./log/doc50cop1shlf1lif20_af0s1tTOTAL_gf10000i33d0m1000_seed105731136.log 941185 q3-extractinstructions.txt 20150711_152850 0.5 559f0b1e7768393544b4986b
20150711_152833 50 1 1 20 100000 967561224 2191 10000 7809 0 0 2191 0 0 0 0 0 0 0 10000 33 0 1000 4 9.398 1.608 ../q4/./log/doc50cop1shlf1lif20_af0s1tTOTAL_gf10000i33d0m1000_seed967561224.log 898723 q3-extractinstructions.txt 20150711_152852 0.5 559f0b1e7768393544b4986c
20150711_152835 50 1 1 20 100000 420477893 2258 10000 7742 0 0 2258 0 0 0 0 0 0 0 10000 33 0 1000 8 9.377 1.715 ../q4/./log/doc50cop1shlf1lif20_af0s1tTOTAL_gf10000i33d0m1000_seed420477893.log 916756 q3-extractinstructions.txt 20150711_152855 0.5 559f0b1e7768393544b4986d
20150711_152838 50 1 1 20 100000 263688301 2204 10000 7796 0 0 2204 0 0 0 0 0 0 0 10000 33 0 1000 5 8.566 1.824 ../q4/./log/doc50cop1shlf1lif20_af0s1tTOTAL_gf10000i33d0m1000_seed263688301.log 895406 q3-extractinstructions.txt 20150711_152856 0.5 559f0b1e7768393544b4986e
20150711_152850 50 1 1 20 100000 50746969 2247 10000 7753 0 0 2247 0 0 0 0 0 0 0 10000 33 0 1000 8 10.865 1.684 ../q4/./log/doc50cop1shlf1lif20_af0s1tTOTAL_gf10000i33d0m1000_seed50746969.log 918633 q3-extractinstructions.txt 20150711_152911 0.5 559f0b1e7768393544b4986f
20150711_152852 50 1 1 20 100000 533657980 2355 10000 7645 0 0 2355 0 0 0 0 0 0 0 10000 33 0 1000 6 10.482 1.435 ../q4/./log/doc50cop1shlf1lif20_af0s1tTOTAL_gf10000i33d0m1000_seed533657980.log 962730 q3-extractinstructions.txt 20150711_152913 0.5 559f0b1e7768393544b49870
20150711_152855 50 1 1 20 100000 711283608 2186 10000 7814 0 0 2186 0 0 0 0 0 0 0 10000 33 0 1000 9 9.120 1.669 ../q4/./log/doc50cop1shlf1lif20_af0s1tTOTAL_gf10000i33d0m1000_seed711283608.log 900345 q3-extractinstructions.txt 20150711_152914 0.5 559f0b1e7768393544b49871
20150711_152857 50 1 1 20 100000 597296547 2221 10000 7779 0 0 2221 0 0 0 0 0 0 0 10000 33 0 1000 5 8.858 1.669 ../q4/./log/doc50cop1shlf1lif20_af0s1tTOTAL_gf10000i33d0m1000_seed597296547.log 904142 q3-extractinstructions.txt 20150711_152916 0.5 559f0b1e7768393544b49872
20150711_152859 50 1 1 20 100000 664375964 2268 10000 7732 0 0 2268 0 0 0 0 0 0 0 10000 33 0 1000 4 8.634 1.841 ../q4/./log/doc50cop1shlf1lif20_af0s1tTOTAL_gf10000i33d0m1000_seed664375964.log 920891 q3-extractinstructions.txt 20150711_152918 0.5 559f0b1e7768393544b49873
20150711_152901 50 1 1 20 100000 258760793 2250 10000 7750 0 0 2250 0 0 0 0 0 0 0 10000 33 0 1000 3 9.482 1.794 ../q4/./log/doc50cop1shlf1lif20_af0s1tTOTAL_gf10000i33d0m1000_seed258760793.log 921120 q3-extractinstructions.txt 20150711_152920 0.5 559f0b1e7768393544b49874
20150711_152903 50 1 1 20 100000 666549275 2338 10000 7662 0 0 2338 0 0 0 0 0 0 0 10000 33 0 1000 4 11.468 1.716 ../q4/./log/doc50cop1shlf1lif20_af0s1tTOTAL_gf10000i33d0m1000_seed666549275.log 950735 q3-extractinstructions.txt 20150711_152924 0.5 559f0b1e7768393544b49875
20150711_152905 50 1 1 20 100000 376517787 2302 10000 7698 0 0 2302 0 0 0 0 0 0 0 10000 33 0 1000 8 12.001 1.684 ../q4/./log/doc50cop1shlf1lif20_af0s1tTOTAL_gf10000i33d0m1000_seed376517787.log 933191 q3-extractinstructions.txt 20150711_152927 0.5 559f0b1e7768393544b49876
20150711_152907 50 1 1 20 100000 817713633 2271 10000 7729 0 0 2271 0 0 0 0 0 0 0 10000 33 0 1000 7 12.147 1.544 ../q4/./log/doc50cop1shlf1lif20_af0s1tTOTAL_gf10000i33d0m1000_seed817713633.log 927521 q3-extractinstructions.txt 20150711_152929 0.5 559f0b1e7768393544b49877
20150711_152909 50 1 1 20 100000 519606501 2324 10000 7676 0 0 2324 0 0 0 0 0 0 0 10000 33 0 1000 9 11.680 1.279 ../q4/./log/doc50cop1shlf1lif20_af0s1tTOTAL_gf10000i33d0m1000_seed519606501.log 943321 q3-extractinstructions.txt 20150711_152931 0.5 559f0b1e7768393544b49878
20150711_152922 50 1 1 20 100000 715258232 2281 10000 7719 0 0 2281 0 0 0 0 0 0 0 10000 33 0 1000 10 10.344 1.42 ../q4/./log/doc50cop1shlf1lif20_af0s1tTOTAL_gf10000i33d0m1000_seed715258232.log 937956 q3-extractinstructions.txt 20150711_152941 0.5 559f0b1e7768393544b49879
20150711_152925 50 1 1 20 100000 792850679 2277 10000 7723 0 0 2277 0 0 0 0 0 0 0 10000 33 0 1000 6 8.841 1.342 ../q4/./log/doc50cop1shlf1lif20_af0s1tTOTAL_gf10000i33d0m1000_seed792850679.log 928591 q3-extractinstructions.txt 20150711_152942 0.5 559f0b1e7768393544b4987a
20150711_153235 50 1 1 30 100000 919028296 1637 10000 8363 0 0 1637 0 0 0 0 0 0 0 10000 33 0 1000 11 5.837 1.077 ../q4/./log/doc50cop1shlf1lif30_af0s1tTOTAL_gf10000i33d0m1000_seed919028296.log 668173 q3-extractinstructions.txt 20150711_153249 0.5 559f0b1e7768393544b498e4
20150711_153237 50 1 1 30 100000 103765041 1580 10000 8420 0 0 1580 0 0 0 0 0 0 0 10000 33 0 1000 8 5.930 1.061 ../q4/./log/doc50cop1shlf1lif30_af0s1tTOTAL_gf10000i33d0m1000_seed103765041.log 644116 q3-extractinstructions.txt 20150711_153251 0.5 559f0b1e7768393544b498e5
20150711_153239 50 1 1 30 100000 141246882 1527 10000 8473 0 0 1527 0 0 0 0 0 0 0 10000 33 0 1000 1 5.868 0.936 ../q4/./log/doc50cop1shlf1lif30_af0s1tTOTAL_gf10000i33d0m1000_seed141246882.log 622831 q3-extractinstructions.txt 20150711_153254 0.5 559f0b1e7768393544b498e6
20150711_153241 50 1 1 30 100000 681028781 1628 10000 8372 0 0 1628 0 0 0 0 0 0 0 10000 33 0 1000 6 6.006 0.951 ../q4/./log/doc50cop1shlf1lif30_af0s1tTOTAL_gf10000i33d0m1000_seed681028781.log 658153 q3-extractinstructions.txt 20150711_153256 0.5 559f0b1e7768393544b498e7
20150711_153243 50 1 1 30 100000 117661523 1567 10000 8433 0 0 1567 0 0 0 0 0 0 0 10000 33 0 1000 9 7.332 1.108 ../q4/./log/doc50cop1shlf1lif30_af0s1tTOTAL_gf10000i33d0m1000_seed117661523.log 641361 q3-extractinstructions.txt 20150711_153259 0.5 559f0b1e7768393544b498e8
20150711_153245 50 1 1 30 100000 105731136 1533 10000 8467 0 0 1533 0 0 0 0 0 0 0 10000 33 0 1000 6 8.599 0.968 ../q4/./log/doc50cop1shlf1lif30_af0s1tTOTAL_gf10000i33d0m1000_seed105731136.log 625595 q3-extractinstructions.txt 20150711_153302 0.5 559f0b1e7768393544b498e9
20150711_153248 50 1 1 30 100000 967561224 1572 10000 8428 0 0 1572 0 0 0 0 0 0 0 10000 33 0 1000 6 9.475 0.764 ../q4/./log/doc50cop1shlf1lif30_af0s1tTOTAL_gf10000i33d0m1000_seed967561224.log 638537 q3-extractinstructions.txt 20150711_153305 0.5 559f0b1e7768393544b498ea
20150711_153251 50 1 1 30 100000 420477893 1574 10000 8426 0 0 1574 0 0 0 0 0 0 0 10000 33 0 1000 4 9.231 0.796 ../q4/./log/doc50cop1shlf1lif30_af0s1tTOTAL_gf10000i33d0m1000_seed420477893.log 640117 q3-extractinstructions.txt 20150711_153308 0.5 559f0b1e7768393544b498eb
20150711_153253 50 1 1 30 100000 263688301 1558 10000 8442 0 0 1558 0 0 0 0 0 0 0 10000 33 0 1000 9 8.300 0.78 ../q4/./log/doc50cop1shlf1lif30_af0s1tTOTAL_gf10000i33d0m1000_seed263688301.log 631751 q3-extractinstructions.txt 20150711_153310 0.5 559f0b1e7768393544b498ec
20150711_153255 50 1 1 30 100000 50746969 1606 10000 8394 0 0 1606 0 0 0 0 0 0 0 10000 33 0 1000 9 7.609 0.921 ../q4/./log/doc50cop1shlf1lif30_af0s1tTOTAL_gf10000i33d0m1000_seed50746969.log 652464 q3-extractinstructions.txt 20150711_153312 0.5 559f0b1e7768393544b498ed
20150711_153307 50 1 1 30 100000 533657980 1602 10000 8398 0 0 1602 0 0 0 0 0 0 0 10000 33 0 1000 6 7.599 1.139 ../q4/./log/doc50cop1shlf1lif30_af0s1tTOTAL_gf10000i33d0m1000_seed533657980.log 654850 q3-extractinstructions.txt 20150711_153323 0.5 559f0b1e7768393544b498ee
20150711_153309 50 1 1 30 100000 711283608 1586 10000 8414 0 0 1586 0 0 0 0 0 0 0 10000 33 0 1000 9 7.134 0.983 ../q4/./log/doc50cop1shlf1lif30_af0s1tTOTAL_gf10000i33d0m1000_seed711283608.log 647779 q3-extractinstructions.txt 20150711_153326 0.5 559f0b1e7768393544b498ef
20150711_153311 50 1 1 30 100000 597296547 1560 10000 8440 0 0 1560 0 0 0 0 0 0 0 10000 33 0 1000 5 6.665 0.983 ../q4/./log/doc50cop1shlf1lif30_af0s1tTOTAL_gf10000i33d0m1000_seed597296547.log 632039 q3-extractinstructions.txt 20150711_153327 0.5 559f0b1e7768393544b498f0
20150711_153313 50 1 1 30 100000 664375964 1615 10000 8385 0 0 1615 0 0 0 0 0 0 0 10000 33 0 1000 13 6.330 1.155 ../q4/./log/doc50cop1shlf1lif30_af0s1tTOTAL_gf10000i33d0m1000_seed664375964.log 653624 q3-extractinstructions.txt 20150711_153328 0.5 559f0b1e7768393544b498f1
20150711_153315 50 1 1 30 100000 258760793 1585 10000 8415 0 0 1585 0 0 0 0 0 0 0 10000 33 0 1000 3 6.499 1.171 ../q4/./log/doc50cop1shlf1lif30_af0s1tTOTAL_gf10000i33d0m1000_seed258760793.log 643773 q3-extractinstructions.txt 20150711_153330 0.5 559f0b1e7768393544b498f2
20150711_153317 50 1 1 30 100000 666549275 1660 10000 8340 0 0 1660 0 0 0 0 0 0 0 10000 33 0 1000 9 7.632 0.982 ../q4/./log/doc50cop1shlf1lif30_af0s1tTOTAL_gf10000i33d0m1000_seed666549275.log 672552 q3-extractinstructions.txt 20150711_153333 0.5 559f0b1e7768393544b498f3
20150711_153319 50 1 1 30 100000 376517787 1571 10000 8429 0 0 1571 0 0 0 0 0 0 0 10000 33 0 1000 7 8.846 0.998 ../q4/./log/doc50cop1shlf1lif30_af0s1tTOTAL_gf10000i33d0m1000_seed376517787.log 635637 q3-extractinstructions.txt 20150711_153336 0.5 559f0b1e7768393544b498f4
20150711_153321 50 1 1 30 100000 817713633 1605 10000 8395 0 0 1605 0 0 0 0 0 0 0 10000 33 0 1000 8 10.024 1.077 ../q4/./log/doc50cop1shlf1lif30_af0s1tTOTAL_gf10000i33d0m1000_seed817713633.log 654695 q3-extractinstructions.txt 20150711_153340 0.5 559f0b1e7768393544b498f5
20150711_153324 50 1 1 30 100000 519606501 1640 10000 8360 0 0 1640 0 0 0 0 0 0 0 10000 33 0 1000 9 10.385 0.764 ../q4/./log/doc50cop1shlf1lif30_af0s1tTOTAL_gf10000i33d0m1000_seed519606501.log 666525 q3-extractinstructions.txt 20150711_153343 0.5 559f0b1e7768393544b498f6
20150711_153327 50 1 1 30 100000 715258232 1657 10000 8343 0 0 1657 0 0 0 0 0 0 0 10000 33 0 1000 15 9.197 0.999 ../q4/./log/doc50cop1shlf1lif30_af0s1tTOTAL_gf10000i33d0m1000_seed715258232.log 676336 q3-extractinstructions.txt 20150711_153344 0.5 559f0b1e7768393544b498f7
20150711_153338 50 1 1 30 100000 792850679 1596 10000 8404 0 0 1596 0 0 0 0 0 0 0 10000 33 0 1000 8 6.797 0.889 ../q4/./log/doc50cop1shlf1lif30_af0s1tTOTAL_gf10000i33d0m1000_seed792850679.log 652020 q3-extractinstructions.txt 20150711_153353 0.5 559f0b1e7768393544b498f8
20150711_153449 50 1 1 50 100000 919028296 1001 10000 8999 0 0 1001 0 0 0 0 0 0 0 10000 33 0 1000 7 3.952 0.592 ../q4/./log/doc50cop1shlf1lif50_af0s1tTOTAL_gf10000i33d0m1000_seed919028296.log 409311 q3-extractinstructions.txt 20150711_153501 0.5 559f0b1e7768393544b49962
20150711_153451 50 1 1 50 100000 103765041 1014 10000 8986 0 0 1014 0 0 0 0 0 0 0 10000 33 0 1000 8 4.184 0.577 ../q4/./log/doc50cop1shlf1lif50_af0s1tTOTAL_gf10000i33d0m1000_seed103765041.log 418798 q3-extractinstructions.txt 20150711_153503 0.5 559f0b1e7768393544b49963
20150711_153454 50 1 1 50 100000 141246882 958 10000 9042 0 0 958 0 0 0 0 0 0 0 10000 33 0 1000 1 3.995 0.718 ../q4/./log/doc50cop1shlf1lif50_af0s1tTOTAL_gf10000i33d0m1000_seed141246882.log 388375 q3-extractinstructions.txt 20150711_153505 0.5 559f0b1e7768393544b49964
20150711_153456 50 1 1 50 100000 681028781 987 10000 9013 0 0 987 0 0 0 0 0 0 0 10000 33 0 1000 7 4.508 0.64 ../q4/./log/doc50cop1shlf1lif50_af0s1tTOTAL_gf10000i33d0m1000_seed681028781.log 404877 q3-extractinstructions.txt 20150711_153508 0.5 559f0b1e7768393544b49965
20150711_153458 50 1 1 50 100000 117661523 963 10000 9037 0 0 963 0 0 0 0 0 0 0 10000 33 0 1000 2 5.526 0.609 ../q4/./log/doc50cop1shlf1lif50_af0s1tTOTAL_gf10000i33d0m1000_seed117661523.log 390875 q3-extractinstructions.txt 20150711_153511 0.5 559f0b1e7768393544b49966
20150711_153500 50 1 1 50 100000 105731136 938 10000 9062 0 0 938 0 0 0 0 0 0 0 10000 33 0 1000 6 6.129 0.468 ../q4/./log/doc50cop1shlf1lif50_af0s1tTOTAL_gf10000i33d0m1000_seed105731136.log 385681 q3-extractinstructions.txt 20150711_153514 0.5 559f0b1e7768393544b49967
20150711_153503 50 1 1 50 100000 967561224 946 10000 9054 0 0 946 0 0 0 0 0 0 0 10000 33 0 1000 3 6.722 0.281 ../q4/./log/doc50cop1shlf1lif50_af0s1tTOTAL_gf10000i33d0m1000_seed967561224.log 389376 q3-extractinstructions.txt 20150711_153517 0.5 559f0b1e7768393544b49968
20150711_153505 50 1 1 50 100000 420477893 995 10000 9005 0 0 995 0 0 0 0 0 0 0 10000 33 0 1000 7 6.180 0.547 ../q4/./log/doc50cop1shlf1lif50_af0s1tTOTAL_gf10000i33d0m1000_seed420477893.log 410348 q3-extractinstructions.txt 20150711_153519 0.5 559f0b1e7768393544b49969
20150711_153508 50 1 1 50 100000 263688301 995 10000 9005 0 0 995 0 0 0 0 0 0 0 10000 33 0 1000 9 5.637 0.561 ../q4/./log/doc50cop1shlf1lif50_af0s1tTOTAL_gf10000i33d0m1000_seed263688301.log 404111 q3-extractinstructions.txt 20150711_153521 0.5 559f0b1e7768393544b4996a
20150711_153510 50 1 1 50 100000 50746969 969 10000 9031 0 0 969 0 0 0 0 0 0 0 10000 33 0 1000 5 5.558 0.624 ../q4/./log/doc50cop1shlf1lif50_af0s1tTOTAL_gf10000i33d0m1000_seed50746969.log 396391 q3-extractinstructions.txt 20150711_153523 0.5 559f0b1e7768393544b4996b
20150711_153512 50 1 1 50 100000 533657980 1030 10000 8970 0 0 1030 0 0 0 0 0 0 0 10000 33 0 1000 12 5.797 0.749 ../q4/./log/doc50cop1shlf1lif50_af0s1tTOTAL_gf10000i33d0m1000_seed533657980.log 422763 q3-extractinstructions.txt 20150711_153526 0.5 559f0b1e7768393544b4996c
20150711_153513 50 1 1 50 100000 711283608 986 10000 9014 0 0 986 0 0 0 0 0 0 0 10000 33 0 1000 11 5.683 0.64 ../q4/./log/doc50cop1shlf1lif50_af0s1tTOTAL_gf10000i33d0m1000_seed711283608.log 404097 q3-extractinstructions.txt 20150711_153527 0.5 559f0b1e7768393544b4996d
20150711_153516 50 1 1 50 100000 597296547 982 10000 9018 0 0 982 0 0 0 0 0 0 0 10000 33 0 1000 5 5.663 0.624 ../q4/./log/doc50cop1shlf1lif50_af0s1tTOTAL_gf10000i33d0m1000_seed597296547.log 398790 q3-extractinstructions.txt 20150711_153529 0.5 559f0b1e7768393544b4996e
20150711_153518 50 1 1 50 100000 664375964 1015 10000 8985 0 0 1015 0 0 0 0 0 0 0 10000 33 0 1000 7 6.096 0.873 ../q4/./log/doc50cop1shlf1lif50_af0s1tTOTAL_gf10000i33d0m1000_seed664375964.log 415684 q3-extractinstructions.txt 20150711_153531 0.5 559f0b1e7768393544b4996f
20150711_153520 50 1 1 50 100000 258760793 975 10000 9025 0 0 975 0 0 0 0 0 0 0 10000 33 0 1000 6 5.993 0.546 ../q4/./log/doc50cop1shlf1lif50_af0s1tTOTAL_gf10000i33d0m1000_seed258760793.log 401310 q3-extractinstructions.txt 20150711_153533 0.5 559f0b1e7768393544b49970
20150711_153522 50 1 1 50 100000 666549275 1034 10000 8966 0 0 1034 0 0 0 0 0 0 0 10000 33 0 1000 9 5.524 0.765 ../q4/./log/doc50cop1shlf1lif50_af0s1tTOTAL_gf10000i33d0m1000_seed666549275.log 419472 q3-extractinstructions.txt 20150711_153535 0.5 559f0b1e7768393544b49971
20150711_153525 50 1 1 50 100000 376517787 946 10000 9054 0 0 946 0 0 0 0 0 0 0 10000 33 0 1000 7 4.483 0.547 ../q4/./log/doc50cop1shlf1lif50_af0s1tTOTAL_gf10000i33d0m1000_seed376517787.log 386308 q3-extractinstructions.txt 20150711_153536 0.5 559f0b1e7768393544b49972
20150711_153536 50 1 1 50 100000 817713633 968 10000 9032 0 0 968 0 0 0 0 0 0 0 10000 33 0 1000 7 4.249 0.656 ../q4/./log/doc50cop1shlf1lif50_af0s1tTOTAL_gf10000i33d0m1000_seed817713633.log 399323 q3-extractinstructions.txt 20150711_153547 0.5 559f0b1e7768393544b49973
20150711_153538 50 1 1 50 100000 519606501 1004 10000 8996 0 0 1004 0 0 0 0 0 0 0 10000 33 0 1000 9 4.335 0.702 ../q4/./log/doc50cop1shlf1lif50_af0s1tTOTAL_gf10000i33d0m1000_seed519606501.log 412617 q3-extractinstructions.txt 20150711_153550 0.5 559f0b1e7768393544b49974
20150711_153540 50 1 1 50 100000 715258232 966 10000 9034 0 0 966 0 0 0 0 0 0 0 10000 33 0 1000 5 3.973 0.531 ../q4/./log/doc50cop1shlf1lif50_af0s1tTOTAL_gf10000i33d0m1000_seed715258232.log 394879 q3-extractinstructions.txt 20150711_153551 0.5 559f0b1e7768393544b49975
20150711_153542 50 1 1 50 100000 792850679 997 10000 9003 0 0 997 0 0 0 0 0 0 0 10000 33 0 1000 5 3.855 0.671 ../q4/./log/doc50cop1shlf1lif50_af0s1tTOTAL_gf10000i33d0m1000_seed792850679.log 409729 q3-extractinstructions.txt 20150711_153553 0.5 559f0b1e7768393544b49976
20150711_153734 50 1 1 100 100000 919028296 501 10000 9499 0 0 501 0 0 0 0 0 0 0 10000 33 0 1000 5 2.604 0.265 ../q4/./log/doc50cop1shlf1lif100_af0s1tTOTAL_gf10000i33d0m1000_seed919028296.log 211195 q3-extractinstructions.txt 20150711_153743 0.5 559f0b1e7768393544b499e0
20150711_153736 50 1 1 100 100000 103765041 513 10000 9487 0 0 513 0 0 0 0 0 0 0 10000 33 0 1000 14 2.632 0.312 ../q4/./log/doc50cop1shlf1lif100_af0s1tTOTAL_gf10000i33d0m1000_seed103765041.log 219553 q3-extractinstructions.txt 20150711_153745 0.5 559f0b1e7768393544b499e1
20150711_153738 50 1 1 100 100000 141246882 487 10000 9513 0 0 487 0 0 0 0 0 0 0 10000 33 0 1000 2 2.650 0.298 ../q4/./log/doc50cop1shlf1lif100_af0s1tTOTAL_gf10000i33d0m1000_seed141246882.log 202770 q3-extractinstructions.txt 20150711_153747 0.5 559f0b1e7768393544b499e2
20150711_153740 50 1 1 100 100000 681028781 479 10000 9521 0 0 479 0 0 0 0 0 0 0 10000 33 0 1000 11 2.658 0.25 ../q4/./log/doc50cop1shlf1lif100_af0s1tTOTAL_gf10000i33d0m1000_seed681028781.log 203423 q3-extractinstructions.txt 20150711_153750 0.5 559f0b1e7768393544b499e3
20150711_153743 50 1 1 100 100000 117661523 523 10000 9477 0 0 523 0 0 0 0 0 0 0 10000 33 0 1000 8 2.870 0.265 ../q4/./log/doc50cop1shlf1lif100_af0s1tTOTAL_gf10000i33d0m1000_seed117661523.log 218003 q3-extractinstructions.txt 20150711_153752 0.5 559f0b1e7768393544b499e4
20150711_153745 50 1 1 100 100000 105731136 491 10000 9509 0 0 491 0 0 0 0 0 0 0 10000 33 0 1000 6 2.871 0.358 ../q4/./log/doc50cop1shlf1lif100_af0s1tTOTAL_gf10000i33d0m1000_seed105731136.log 206805 q3-extractinstructions.txt 20150711_153754 0.5 559f0b1e7768393544b499e5
20150711_153747 50 1 1 100 100000 967561224 464 10000 9536 0 0 464 0 0 0 0 0 0 0 10000 33 0 1000 3 2.824 0.312 ../q4/./log/doc50cop1shlf1lif100_af0s1tTOTAL_gf10000i33d0m1000_seed967561224.log 196663 q3-extractinstructions.txt 20150711_153756 0.5 559f0b1e7768393544b499e6
20150711_153749 50 1 1 100 100000 420477893 500 10000 9500 0 0 500 0 0 0 0 0 0 0 10000 33 0 1000 7 3.052 0.359 ../q4/./log/doc50cop1shlf1lif100_af0s1tTOTAL_gf10000i33d0m1000_seed420477893.log 211093 q3-extractinstructions.txt 20150711_153759 0.5 559f0b1e7768393544b499e7
20150711_153752 50 1 1 100 100000 263688301 474 10000 9526 0 0 474 0 0 0 0 0 0 0 10000 33 0 1000 6 3.396 0.265 ../q4/./log/doc50cop1shlf1lif100_af0s1tTOTAL_gf10000i33d0m1000_seed263688301.log 196836 q3-extractinstructions.txt 20150711_153801 0.5 559f0b1e7768393544b499e8
20150711_153754 50 1 1 100 100000 50746969 521 10000 9479 0 0 521 0 0 0 0 0 0 0 10000 33 0 1000 10 3.506 0.219 ../q4/./log/doc50cop1shlf1lif100_af0s1tTOTAL_gf10000i33d0m1000_seed50746969.log 220263 q3-extractinstructions.txt 20150711_153804 0.5 559f0b1e7768393544b499e9
20150711_153756 50 1 1 100 100000 533657980 499 10000 9501 0 0 499 0 0 0 0 0 0 0 10000 33 0 1000 4 3.355 0.281 ../q4/./log/doc50cop1shlf1lif100_af0s1tTOTAL_gf10000i33d0m1000_seed533657980.log 208541 q3-extractinstructions.txt 20150711_153807 0.5 559f0b1e7768393544b499ea
20150711_153758 50 1 1 100 100000 711283608 513 10000 9487 0 0 513 0 0 0 0 0 0 0 10000 33 0 1000 7 3.199 0.327 ../q4/./log/doc50cop1shlf1lif100_af0s1tTOTAL_gf10000i33d0m1000_seed711283608.log 213627 q3-extractinstructions.txt 20150711_153808 0.5 559f0b1e7768393544b499eb
20150711_153800 50 1 1 100 100000 597296547 482 10000 9518 0 0 482 0 0 0 0 0 0 0 10000 33 0 1000 6 3.167 0.375 ../q4/./log/doc50cop1shlf1lif100_af0s1tTOTAL_gf10000i33d0m1000_seed597296547.log 204181 q3-extractinstructions.txt 20150711_153810 0.5 559f0b1e7768393544b499ec
20150711_153802 50 1 1 100 100000 664375964 515 10000 9485 0 0 515 0 0 0 0 0 0 0 10000 33 0 1000 4 3.394 0.296 ../q4/./log/doc50cop1shlf1lif100_af0s1tTOTAL_gf10000i33d0m1000_seed664375964.log 211883 q3-extractinstructions.txt 20150711_153812 0.5 559f0b1e7768393544b499ed
20150711_153804 50 1 1 100 100000 258760793 518 10000 9482 0 0 518 0 0 0 0 0 0 0 10000 33 0 1000 3 3.504 0.328 ../q4/./log/doc50cop1shlf1lif100_af0s1tTOTAL_gf10000i33d0m1000_seed258760793.log 216228 q3-extractinstructions.txt 20150711_153815 0.5 559f0b1e7768393544b499ee
20150711_153807 50 1 1 100 100000 666549275 506 10000 9494 0 0 506 0 0 0 0 0 0 0 10000 33 0 1000 6 3.354 0.265 ../q4/./log/doc50cop1shlf1lif100_af0s1tTOTAL_gf10000i33d0m1000_seed666549275.log 212375 q3-extractinstructions.txt 20150711_153817 0.5 559f0b1e7768393544b499ef
20150711_153809 50 1 1 100 100000 376517787 512 10000 9488 0 0 512 0 0 0 0 0 0 0 10000 33 0 1000 9 3.309 0.281 ../q4/./log/doc50cop1shlf1lif100_af0s1tTOTAL_gf10000i33d0m1000_seed376517787.log 210398 q3-extractinstructions.txt 20150711_153819 0.5 559f0b1e7768393544b499f0
20150711_153811 50 1 1 100 100000 817713633 485 10000 9515 0 0 485 0 0 0 0 0 0 0 10000 33 0 1000 7 3.191 0.344 ../q4/./log/doc50cop1shlf1lif100_af0s1tTOTAL_gf10000i33d0m1000_seed817713633.log 207100 q3-extractinstructions.txt 20150711_153820 0.5 559f0b1e7768393544b499f1
20150711_153813 50 1 1 100 100000 519606501 519 10000 9481 0 0 519 0 0 0 0 0 0 0 10000 33 0 1000 7 2.879 0.39 ../q4/./log/doc50cop1shlf1lif100_af0s1tTOTAL_gf10000i33d0m1000_seed519606501.log 216121 q3-extractinstructions.txt 20150711_153822 0.5 559f0b1e7768393544b499f2
20150711_153815 50 1 1 100 100000 715258232 502 10000 9498 0 0 502 0 0 0 0 0 0 0 10000 33 0 1000 6 3.099 0.249 ../q4/./log/doc50cop1shlf1lif100_af0s1tTOTAL_gf10000i33d0m1000_seed715258232.log 211298 q3-extractinstructions.txt 20150711_153825 0.5 559f0b1e7768393544b499f3
20150711_153817 50 1 1 100 100000 792850679 555 10000 9445 0 0 555 0 0 0 0 0 0 0 10000 33 0 1000 8 2.903 0.312 ../q4/./log/doc50cop1shlf1lif100_af0s1tTOTAL_gf10000i33d0m1000_seed792850679.log 232370 q3-extractinstructions.txt 20150711_153826 0.5 559f0b1e7768393544b499f4
20150711_154025 50 1 1 200 100000 919028296 257 10000 9743 0 0 257 0 0 0 0 0 0 0 10000 33 0 1000 8 1.977 0.094 ../q4/./log/doc50cop1shlf1lif200_af0s1tTOTAL_gf10000i33d0m1000_seed919028296.log 115176 q3-extractinstructions.txt 20150711_154033 0.5 559f0b1e7768393544b49a5e
20150711_154027 50 1 1 200 100000 103765041 255 10000 9745 0 0 255 0 0 0 0 0 0 0 10000 33 0 1000 11 1.985 0.094 ../q4/./log/doc50cop1shlf1lif200_af0s1tTOTAL_gf10000i33d0m1000_seed103765041.log 115927 q3-extractinstructions.txt 20150711_154035 0.5 559f0b1e7768393544b49a5f
20150711_154030 50 1 1 200 100000 141246882 259 10000 9741 0 0 259 0 0 0 0 0 0 0 10000 33 0 1000 1 1.936 0.202 ../q4/./log/doc50cop1shlf1lif200_af0s1tTOTAL_gf10000i33d0m1000_seed141246882.log 110882 q3-extractinstructions.txt 20150711_154037 0.5 559f0b1e7768393544b49a60
20150711_154032 50 1 1 200 100000 681028781 266 10000 9734 0 0 266 0 0 0 0 0 0 0 10000 33 0 1000 8 2.089 0.125 ../q4/./log/doc50cop1shlf1lif200_af0s1tTOTAL_gf10000i33d0m1000_seed681028781.log 114952 q3-extractinstructions.txt 20150711_154040 0.5 559f0b1e7768393544b49a61
20150711_154034 50 1 1 200 100000 117661523 260 10000 9740 0 0 260 0 0 0 0 0 0 0 10000 33 0 1000 8 2.006 0.141 ../q4/./log/doc50cop1shlf1lif200_af0s1tTOTAL_gf10000i33d0m1000_seed117661523.log 114044 q3-extractinstructions.txt 20150711_154042 0.5 559f0b1e7768393544b49a62
20150711_154036 50 1 1 200 100000 105731136 271 10000 9729 0 0 271 0 0 0 0 0 0 0 10000 33 0 1000 6 2.100 0.266 ../q4/./log/doc50cop1shlf1lif200_af0s1tTOTAL_gf10000i33d0m1000_seed105731136.log 117651 q3-extractinstructions.txt 20150711_154044 0.5 559f0b1e7768393544b49a63
20150711_154038 50 1 1 200 100000 967561224 249 10000 9751 0 0 249 0 0 0 0 0 0 0 10000 33 0 1000 6 2.146 0.155 ../q4/./log/doc50cop1shlf1lif200_af0s1tTOTAL_gf10000i33d0m1000_seed967561224.log 109797 q3-extractinstructions.txt 20150711_154046 0.5 559f0b1e7768393544b49a64
20150711_154040 50 1 1 200 100000 420477893 245 10000 9755 0 0 245 0 0 0 0 0 0 0 10000 33 0 1000 5 2.024 0.156 ../q4/./log/doc50cop1shlf1lif200_af0s1tTOTAL_gf10000i33d0m1000_seed420477893.log 107942 q3-extractinstructions.txt 20150711_154049 0.5 559f0b1e7768393544b49a65
20150711_154042 50 1 1 200 100000 263688301 261 10000 9739 0 0 261 0 0 0 0 0 0 0 10000 33 0 1000 4 2.071 0.203 ../q4/./log/doc50cop1shlf1lif200_af0s1tTOTAL_gf10000i33d0m1000_seed263688301.log 111224 q3-extractinstructions.txt 20150711_154051 0.5 559f0b1e7768393544b49a66
20150711_154045 50 1 1 200 100000 50746969 230 10000 9770 0 0 230 0 0 0 0 0 0 0 10000 33 0 1000 8 2.026 0.157 ../q4/./log/doc50cop1shlf1lif200_af0s1tTOTAL_gf10000i33d0m1000_seed50746969.log 103200 q3-extractinstructions.txt 20150711_154053 0.5 559f0b1e7768393544b49a67
20150711_154047 50 1 1 200 100000 533657980 264 10000 9736 0 0 264 0 0 0 0 0 0 0 10000 33 0 1000 10 2.082 0.187 ../q4/./log/doc50cop1shlf1lif200_af0s1tTOTAL_gf10000i33d0m1000_seed533657980.log 117795 q3-extractinstructions.txt 20150711_154055 0.5 559f0b1e7768393544b49a68
20150711_154049 50 1 1 200 100000 711283608 249 10000 9751 0 0 249 0 0 0 0 0 0 0 10000 33 0 1000 10 2.051 0.156 ../q4/./log/doc50cop1shlf1lif200_af0s1tTOTAL_gf10000i33d0m1000_seed711283608.log 111586 q3-extractinstructions.txt 20150711_154057 0.5 559f0b1e7768393544b49a69
20150711_154051 50 1 1 200 100000 597296547 246 10000 9754 0 0 246 0 0 0 0 0 0 0 10000 33 0 1000 3 2.038 0.155 ../q4/./log/doc50cop1shlf1lif200_af0s1tTOTAL_gf10000i33d0m1000_seed597296547.log 109108 q3-extractinstructions.txt 20150711_154059 0.5 559f0b1e7768393544b49a6a
20150711_154053 50 1 1 200 100000 664375964 254 10000 9746 0 0 254 0 0 0 0 0 0 0 10000 33 0 1000 9 2.037 0.14 ../q4/./log/doc50cop1shlf1lif200_af0s1tTOTAL_gf10000i33d0m1000_seed664375964.log 112723 q3-extractinstructions.txt 20150711_154101 0.5 559f0b1e7768393544b49a6b
20150711_154055 50 1 1 200 100000 258760793 261 10000 9739 0 0 261 0 0 0 0 0 0 0 10000 33 0 1000 4 2.181 0.156 ../q4/./log/doc50cop1shlf1lif200_af0s1tTOTAL_gf10000i33d0m1000_seed258760793.log 114862 q3-extractinstructions.txt 20150711_154104 0.5 559f0b1e7768393544b49a6c
20150711_154058 50 1 1 200 100000 666549275 253 10000 9747 0 0 253 0 0 0 0 0 0 0 10000 33 0 1000 8 2.108 0.141 ../q4/./log/doc50cop1shlf1lif200_af0s1tTOTAL_gf10000i33d0m1000_seed666549275.log 111625 q3-extractinstructions.txt 20150711_154106 0.5 559f0b1e7768393544b49a6d
20150711_154059 50 1 1 200 100000 376517787 242 10000 9758 0 0 242 0 0 0 0 0 0 0 10000 33 0 1000 9 2.147 0.14 ../q4/./log/doc50cop1shlf1lif200_af0s1tTOTAL_gf10000i33d0m1000_seed376517787.log 107506 q3-extractinstructions.txt 20150711_154108 0.5 559f0b1e7768393544b49a6e
20150711_154102 50 1 1 200 100000 817713633 218 10000 9782 0 0 218 0 0 0 0 0 0 0 10000 33 0 1000 5 1.955 0.187 ../q4/./log/doc50cop1shlf1lif200_af0s1tTOTAL_gf10000i33d0m1000_seed817713633.log 99934 q3-extractinstructions.txt 20150711_154110 0.5 559f0b1e7768393544b49a6f
20150711_154104 50 1 1 200 100000 519606501 271 10000 9729 0 0 271 0 0 0 0 0 0 0 10000 33 0 1000 9 2.114 0.155 ../q4/./log/doc50cop1shlf1lif200_af0s1tTOTAL_gf10000i33d0m1000_seed519606501.log 117510 q3-extractinstructions.txt 20150711_154112 0.5 559f0b1e7768393544b49a70
20150711_154106 50 1 1 200 100000 715258232 232 10000 9768 0 0 232 0 0 0 0 0 0 0 10000 33 0 1000 8 2.086 0.25 ../q4/./log/doc50cop1shlf1lif200_af0s1tTOTAL_gf10000i33d0m1000_seed715258232.log 105725 q3-extractinstructions.txt 20150711_154114 0.5 559f0b1e7768393544b49a71
20150711_154108 50 1 1 200 100000 792850679 269 10000 9731 0 0 269 0 0 0 0 0 0 0 10000 33 0 1000 5 2.012 0.25 ../q4/./log/doc50cop1shlf1lif200_af0s1tTOTAL_gf10000i33d0m1000_seed792850679.log 115288 q3-extractinstructions.txt 20150711_154116 0.5 559f0b1e7768393544b49a72
20150711_154119 50 1 1 300 100000 919028296 177 10000 9823 0 0 177 0 0 0 0 0 0 0 10000 33 0 1000 9 1.799 0.125 ../q4/./log/doc50cop1shlf1lif300_af0s1tTOTAL_gf10000i33d0m1000_seed919028296.log 83033 q3-extractinstructions.txt 20150711_154126 0.5 559f0b1e7768393544b49adc
20150711_154121 50 1 1 300 100000 103765041 178 10000 9822 0 0 178 0 0 0 0 0 0 0 10000 33 0 1000 9 1.750 0.203 ../q4/./log/doc50cop1shlf1lif300_af0s1tTOTAL_gf10000i33d0m1000_seed103765041.log 84281 q3-extractinstructions.txt 20150711_154128 0.5 559f0b1e7768393544b49add
20150711_154123 50 1 1 300 100000 141246882 166 10000 9834 0 0 166 0 0 0 0 0 0 0 10000 33 0 1000 1 1.692 0.109 ../q4/./log/doc50cop1shlf1lif300_af0s1tTOTAL_gf10000i33d0m1000_seed141246882.log 75473 q3-extractinstructions.txt 20150711_154130 0.5 559f0b1e7768393544b49ade
20150711_154125 50 1 1 300 100000 681028781 162 10000 9838 0 0 162 0 0 0 0 0 0 0 10000 33 0 1000 9 1.886 0.126 ../q4/./log/doc50cop1shlf1lif300_af0s1tTOTAL_gf10000i33d0m1000_seed681028781.log 79074 q3-extractinstructions.txt 20150711_154133 0.5 559f0b1e7768393544b49adf
20150711_154127 50 1 1 300 100000 117661523 171 10000 9829 0 0 171 0 0 0 0 0 0 0 10000 33 0 1000 7 1.818 0.094 ../q4/./log/doc50cop1shlf1lif300_af0s1tTOTAL_gf10000i33d0m1000_seed117661523.log 80489 q3-extractinstructions.txt 20150711_154135 0.5 559f0b1e7768393544b49ae0
20150711_154129 50 1 1 300 100000 105731136 174 10000 9826 0 0 174 0 0 0 0 0 0 0 10000 33 0 1000 5 1.760 0.078 ../q4/./log/doc50cop1shlf1lif300_af0s1tTOTAL_gf10000i33d0m1000_seed105731136.log 77385 q3-extractinstructions.txt 20150711_154137 0.5 559f0b1e7768393544b49ae1
20150711_154131 50 1 1 300 100000 967561224 188 10000 9812 0 0 188 0 0 0 0 0 0 0 10000 33 0 1000 3 1.811 0.14 ../q4/./log/doc50cop1shlf1lif300_af0s1tTOTAL_gf10000i33d0m1000_seed967561224.log 83230 q3-extractinstructions.txt 20150711_154139 0.5 559f0b1e7768393544b49ae2
20150711_154133 50 1 1 300 100000 420477893 179 10000 9821 0 0 179 0 0 0 0 0 0 0 10000 33 0 1000 6 1.802 0.14 ../q4/./log/doc50cop1shlf1lif300_af0s1tTOTAL_gf10000i33d0m1000_seed420477893.log 81997 q3-extractinstructions.txt 20150711_154141 0.5 559f0b1e7768393544b49ae3
20150711_154135 50 1 1 300 100000 263688301 166 10000 9834 0 0 166 0 0 0 0 0 0 0 10000 33 0 1000 8 1.898 0.078 ../q4/./log/doc50cop1shlf1lif300_af0s1tTOTAL_gf10000i33d0m1000_seed263688301.log 76438 q3-extractinstructions.txt 20150711_154143 0.5 559f0b1e7768393544b49ae4
20150711_154138 50 1 1 300 100000 50746969 151 10000 9849 0 0 151 0 0 0 0 0 0 0 10000 33 0 1000 9 1.777 0.11 ../q4/./log/doc50cop1shlf1lif300_af0s1tTOTAL_gf10000i33d0m1000_seed50746969.log 72962 q3-extractinstructions.txt 20150711_154145 0.5 559f0b1e7768393544b49ae5
20150711_154140 50 1 1 300 100000 533657980 179 10000 9821 0 0 179 0 0 0 0 0 0 0 10000 33 0 1000 8 1.913 0.14 ../q4/./log/doc50cop1shlf1lif300_af0s1tTOTAL_gf10000i33d0m1000_seed533657980.log 84113 q3-extractinstructions.txt 20150711_154148 0.5 559f0b1e7768393544b49ae6
20150711_154142 50 1 1 300 100000 711283608 165 10000 9835 0 0 165 0 0 0 0 0 0 0 10000 33 0 1000 8 1.949 0.063 ../q4/./log/doc50cop1shlf1lif300_af0s1tTOTAL_gf10000i33d0m1000_seed711283608.log 77353 q3-extractinstructions.txt 20150711_154150 0.5 559f0b1e7768393544b49ae7
20150711_154144 50 1 1 300 100000 597296547 164 10000 9836 0 0 164 0 0 0 0 0 0 0 10000 33 0 1000 3 1.907 0.047 ../q4/./log/doc50cop1shlf1lif300_af0s1tTOTAL_gf10000i33d0m1000_seed597296547.log 76504 q3-extractinstructions.txt 20150711_154152 0.5 559f0b1e7768393544b49ae8
20150711_154147 50 1 1 300 100000 664375964 166 10000 9834 0 0 166 0 0 0 0 0 0 0 10000 33 0 1000 6 1.824 0.078 ../q4/./log/doc50cop1shlf1lif300_af0s1tTOTAL_gf10000i33d0m1000_seed664375964.log 76198 q3-extractinstructions.txt 20150711_154155 0.5 559f0b1e7768393544b49ae9
20150711_154148 50 1 1 300 100000 258760793 167 10000 9833 0 0 167 0 0 0 0 0 0 0 10000 33 0 1000 3 1.831 0.078 ../q4/./log/doc50cop1shlf1lif300_af0s1tTOTAL_gf10000i33d0m1000_seed258760793.log 77800 q3-extractinstructions.txt 20150711_154156 0.5 559f0b1e7768393544b49aea
20150711_154151 50 1 1 300 100000 666549275 160 10000 9840 0 0 160 0 0 0 0 0 0 0 10000 33 0 1000 8 1.773 0.156 ../q4/./log/doc50cop1shlf1lif300_af0s1tTOTAL_gf10000i33d0m1000_seed666549275.log 75392 q3-extractinstructions.txt 20150711_154158 0.5 559f0b1e7768393544b49aeb
20150711_154153 50 1 1 300 100000 376517787 156 10000 9844 0 0 156 0 0 0 0 0 0 0 10000 33 0 1000 2 1.708 0.078 ../q4/./log/doc50cop1shlf1lif300_af0s1tTOTAL_gf10000i33d0m1000_seed376517787.log 71250 q3-extractinstructions.txt 20150711_154200 0.5 559f0b1e7768393544b49aec
20150711_154155 50 1 1 300 100000 817713633 142 10000 9858 0 0 142 0 0 0 0 0 0 0 10000 33 0 1000 7 1.755 0.157 ../q4/./log/doc50cop1shlf1lif300_af0s1tTOTAL_gf10000i33d0m1000_seed817713633.log 70426 q3-extractinstructions.txt 20150711_154202 0.5 559f0b1e7768393544b49aed
20150711_154157 50 1 1 300 100000 519606501 190 10000 9810 0 0 190 0 0 0 0 0 0 0 10000 33 0 1000 6 1.876 0.141 ../q4/./log/doc50cop1shlf1lif300_af0s1tTOTAL_gf10000i33d0m1000_seed519606501.log 85151 q3-extractinstructions.txt 20150711_154205 0.5 559f0b1e7768393544b49aee
20150711_154159 50 1 1 300 100000 715258232 149 10000 9851 0 0 149 0 0 0 0 0 0 0 10000 33 0 1000 9 1.873 0.078 ../q4/./log/doc50cop1shlf1lif300_af0s1tTOTAL_gf10000i33d0m1000_seed715258232.log 73223 q3-extractinstructions.txt 20150711_154207 0.5 559f0b1e7768393544b49aef
20150711_154201 50 1 1 300 100000 792850679 176 10000 9824 0 0 176 0 0 0 0 0 0 0 10000 33 0 1000 7 1.772 0.078 ../q4/./log/doc50cop1shlf1lif300_af0s1tTOTAL_gf10000i33d0m1000_seed792850679.log 79111 q3-extractinstructions.txt 20150711_154209 0.5 559f0b1e7768393544b49af0
20150711_154237 50 1 1 500 100000 919028296 118 10000 9882 0 0 118 0 0 0 0 0 0 0 10000 33 0 1000 6 1.554 0.093 ../q4/./log/doc50cop1shlf1lif500_af0s1tTOTAL_gf10000i33d0m1000_seed919028296.log 55890 q3-extractinstructions.txt 20150711_154244 0.5 559f0b1e7768393544b49b5a
20150711_154239 50 1 1 500 100000 103765041 107 10000 9893 0 0 107 0 0 0 0 0 0 0 10000 33 0 1000 5 1.590 0.062 ../q4/./log/doc50cop1shlf1lif500_af0s1tTOTAL_gf10000i33d0m1000_seed103765041.log 54216 q3-extractinstructions.txt 20150711_154246 0.5 559f0b1e7768393544b49b5b
20150711_154241 50 1 1 500 100000 141246882 106 10000 9894 0 0 106 0 0 0 0 0 0 0 10000 33 0 1000 1 1.520 0.094 ../q4/./log/doc50cop1shlf1lif500_af0s1tTOTAL_gf10000i33d0m1000_seed141246882.log 51275 q3-extractinstructions.txt 20150711_154248 0.5 559f0b1e7768393544b49b5c
20150711_154243 50 1 1 500 100000 681028781 99 10000 9901 0 0 99 0 0 0 0 0 0 0 10000 33 0 1000 8 1.551 0.11 ../q4/./log/doc50cop1shlf1lif500_af0s1tTOTAL_gf10000i33d0m1000_seed681028781.log 51510 q3-extractinstructions.txt 20150711_154250 0.5 559f0b1e7768393544b49b5d
20150711_154245 50 1 1 500 100000 117661523 113 10000 9887 0 0 113 0 0 0 0 0 0 0 10000 33 0 1000 6 1.621 0.062 ../q4/./log/doc50cop1shlf1lif500_af0s1tTOTAL_gf10000i33d0m1000_seed117661523.log 55285 q3-extractinstructions.txt 20150711_154253 0.5 559f0b1e7768393544b49b5e
20150711_154247 50 1 1 500 100000 105731136 111 10000 9889 0 0 111 0 0 0 0 0 0 0 10000 33 0 1000 4 1.590 0.077 ../q4/./log/doc50cop1shlf1lif500_af0s1tTOTAL_gf10000i33d0m1000_seed105731136.log 53576 q3-extractinstructions.txt 20150711_154255 0.5 559f0b1e7768393544b49b5f
20150711_154250 50 1 1 500 100000 967561224 112 10000 9888 0 0 112 0 0 0 0 0 0 0 10000 33 0 1000 7 1.623 0.077 ../q4/./log/doc50cop1shlf1lif500_af0s1tTOTAL_gf10000i33d0m1000_seed967561224.log 56502 q3-extractinstructions.txt 20150711_154257 0.5 559f0b1e7768393544b49b60
20150711_154252 50 1 1 500 100000 420477893 110 10000 9890 0 0 110 0 0 0 0 0 0 0 10000 33 0 1000 4 1.628 0.093 ../q4/./log/doc50cop1shlf1lif500_af0s1tTOTAL_gf10000i33d0m1000_seed420477893.log 53581 q3-extractinstructions.txt 20150711_154259 0.5 559f0b1e7768393544b49b61
20150711_154254 50 1 1 500 100000 263688301 104 10000 9896 0 0 104 0 0 0 0 0 0 0 10000 33 0 1000 6 1.645 0.078 ../q4/./log/doc50cop1shlf1lif500_af0s1tTOTAL_gf10000i33d0m1000_seed263688301.log 51660 q3-extractinstructions.txt 20150711_154302 0.5 559f0b1e7768393544b49b62
20150711_154256 50 1 1 500 100000 50746969 104 10000 9896 0 0 104 0 0 0 0 0 0 0 10000 33 0 1000 9 1.625 0.093 ../q4/./log/doc50cop1shlf1lif500_af0s1tTOTAL_gf10000i33d0m1000_seed50746969.log 54439 q3-extractinstructions.txt 20150711_154304 0.5 559f0b1e7768393544b49b63
20150711_154258 50 1 1 500 100000 533657980 104 10000 9896 0 0 104 0 0 0 0 0 0 0 10000 33 0 1000 7 1.654 0.047 ../q4/./log/doc50cop1shlf1lif500_af0s1tTOTAL_gf10000i33d0m1000_seed533657980.log 53270 q3-extractinstructions.txt 20150711_154306 0.5 559f0b1e7768393544b49b64
20150711_154300 50 1 1 500 100000 711283608 100 10000 9900 0 0 100 0 0 0 0 0 0 0 10000 33 0 1000 4 1.662 0.047 ../q4/./log/doc50cop1shlf1lif500_af0s1tTOTAL_gf10000i33d0m1000_seed711283608.log 49347 q3-extractinstructions.txt 20150711_154308 0.5 559f0b1e7768393544b49b65
20150711_154302 50 1 1 500 100000 597296547 103 10000 9897 0 0 103 0 0 0 0 0 0 0 10000 33 0 1000 5 1.644 0.047 ../q4/./log/doc50cop1shlf1lif500_af0s1tTOTAL_gf10000i33d0m1000_seed597296547.log 53704 q3-extractinstructions.txt 20150711_154310 0.5 559f0b1e7768393544b49b66
20150711_154305 50 1 1 500 100000 664375964 101 10000 9899 0 0 101 0 0 0 0 0 0 0 10000 33 0 1000 7 1.633 0.046 ../q4/./log/doc50cop1shlf1lif500_af0s1tTOTAL_gf10000i33d0m1000_seed664375964.log 50593 q3-extractinstructions.txt 20150711_154312 0.5 559f0b1e7768393544b49b67
20150711_154307 50 1 1 500 100000 258760793 95 10000 9905 0 0 95 0 0 0 0 0 0 0 10000 33 0 1000 1 1.643 0.093 ../q4/./log/doc50cop1shlf1lif500_af0s1tTOTAL_gf10000i33d0m1000_seed258760793.log 46109 q3-extractinstructions.txt 20150711_154314 0.5 559f0b1e7768393544b49b68
20150711_154309 50 1 1 500 100000 666549275 101 10000 9899 0 0 101 0 0 0 0 0 0 0 10000 33 0 1000 14 1.655 0.063 ../q4/./log/doc50cop1shlf1lif500_af0s1tTOTAL_gf10000i33d0m1000_seed666549275.log 54521 q3-extractinstructions.txt 20150711_154317 0.5 559f0b1e7768393544b49b69
20150711_154311 50 1 1 500 100000 376517787 91 10000 9909 0 0 91 0 0 0 0 0 0 0 10000 33 0 1000 12 1.589 0.094 ../q4/./log/doc50cop1shlf1lif500_af0s1tTOTAL_gf10000i33d0m1000_seed376517787.log 49540 q3-extractinstructions.txt 20150711_154318 0.5 559f0b1e7768393544b49b6a
20150711_154313 50 1 1 500 100000 817713633 90 10000 9910 0 0 90 0 0 0 0 0 0 0 10000 33 0 1000 4 1.694 0.062 ../q4/./log/doc50cop1shlf1lif500_af0s1tTOTAL_gf10000i33d0m1000_seed817713633.log 48907 q3-extractinstructions.txt 20150711_154321 0.5 559f0b1e7768393544b49b6b
20150711_154316 50 1 1 500 100000 519606501 122 10000 9878 0 0 122 0 0 0 0 0 0 0 10000 33 0 1000 7 1.647 0.11 ../q4/./log/doc50cop1shlf1lif500_af0s1tTOTAL_gf10000i33d0m1000_seed519606501.log 57470 q3-extractinstructions.txt 20150711_154323 0.5 559f0b1e7768393544b49b6c
20150711_154318 50 1 1 500 100000 715258232 91 10000 9909 0 0 91 0 0 0 0 0 0 0 10000 33 0 1000 11 1.628 0.094 ../q4/./log/doc50cop1shlf1lif500_af0s1tTOTAL_gf10000i33d0m1000_seed715258232.log 50434 q3-extractinstructions.txt 20150711_154325 0.5 559f0b1e7768393544b49b6d
20150711_154320 50 1 1 500 100000 792850679 98 10000 9902 0 0 98 0 0 0 0 0 0 0 10000 33 0 1000 1 1.562 0.063 ../q4/./log/doc50cop1shlf1lif500_af0s1tTOTAL_gf10000i33d0m1000_seed792850679.log 46805 q3-extractinstructions.txt 20150711_154327 0.5 559f0b1e7768393544b49b6e
20150711_154502 50 1 1 1000 100000 919028296 62 10000 9938 0 0 62 0 0 0 0 0 0 0 10000 33 0 1000 12 1.455 0.016 ../q4/./log/doc50cop1shlf1lif1000_af0s1tTOTAL_gf10000i33d0m1000_seed919028296.log 36895 q3-extractinstructions.txt 20150711_154509 0.5 559f0b1e7768393544b49bd8
20150711_154504 50 1 1 1000 100000 103765041 63 10000 9937 0 0 63 0 0 0 0 0 0 0 10000 33 0 1000 6 1.441 0.047 ../q4/./log/doc50cop1shlf1lif1000_af0s1tTOTAL_gf10000i33d0m1000_seed103765041.log 37017 q3-extractinstructions.txt 20150711_154511 0.5 559f0b1e7768393544b49bd9
20150711_154506 50 1 1 1000 100000 141246882 54 10000 9946 0 0 54 0 0 0 0 0 0 0 10000 33 0 1000 1 1.408 0.0 ../q4/./log/doc50cop1shlf1lif1000_af0s1tTOTAL_gf10000i33d0m1000_seed141246882.log 30800 q3-extractinstructions.txt 20150711_154513 0.5 559f0b1e7768393544b49bda
20150711_154508 50 1 1 1000 100000 681028781 53 10000 9947 0 0 53 0 0 0 0 0 0 0 10000 33 0 1000 10 1.435 0.095 ../q4/./log/doc50cop1shlf1lif1000_af0s1tTOTAL_gf10000i33d0m1000_seed681028781.log 33231 q3-extractinstructions.txt 20150711_154515 0.5 559f0b1e7768393544b49bdb
20150711_154510 50 1 1 1000 100000 117661523 61 10000 9939 0 0 61 0 0 0 0 0 0 0 10000 33 0 1000 10 1.439 0.015 ../q4/./log/doc50cop1shlf1lif1000_af0s1tTOTAL_gf10000i33d0m1000_seed117661523.log 35901 q3-extractinstructions.txt 20150711_154517 0.5 559f0b1e7768393544b49bdc
20150711_154512 50 1 1 1000 100000 105731136 58 10000 9942 0 0 58 0 0 0 0 0 0 0 10000 33 0 1000 9 1.445 0.031 ../q4/./log/doc50cop1shlf1lif1000_af0s1tTOTAL_gf10000i33d0m1000_seed105731136.log 34819 q3-extractinstructions.txt 20150711_154519 0.5 559f0b1e7768393544b49bdd
20150711_154515 50 1 1 1000 100000 967561224 45 10000 9955 0 0 45 0 0 0 0 0 0 0 10000 33 0 1000 5 1.494 0.047 ../q4/./log/doc50cop1shlf1lif1000_af0s1tTOTAL_gf10000i33d0m1000_seed967561224.log 30369 q3-extractinstructions.txt 20150711_154522 0.5 559f0b1e7768393544b49bde
20150711_154517 50 1 1 1000 100000 420477893 58 10000 9942 0 0 58 0 0 0 0 0 0 0 10000 33 0 1000 3 1.516 0.047 ../q4/./log/doc50cop1shlf1lif1000_af0s1tTOTAL_gf10000i33d0m1000_seed420477893.log 33201 q3-extractinstructions.txt 20150711_154524 0.5 559f0b1e7768393544b49bdf
20150711_154519 50 1 1 1000 100000 263688301 53 10000 9947 0 0 53 0 0 0 0 0 0 0 10000 33 0 1000 6 1.470 0.031 ../q4/./log/doc50cop1shlf1lif1000_af0s1tTOTAL_gf10000i33d0m1000_seed263688301.log 32142 q3-extractinstructions.txt 20150711_154526 0.5 559f0b1e7768393544b49be0
20150711_154521 50 1 1 1000 100000 50746969 53 10000 9947 0 0 53 0 0 0 0 0 0 0 10000 33 0 1000 5 1.504 0.047 ../q4/./log/doc50cop1shlf1lif1000_af0s1tTOTAL_gf10000i33d0m1000_seed50746969.log 32335 q3-extractinstructions.txt 20150711_154528 0.5 559f0b1e7768393544b49be1
20150711_154523 50 1 1 1000 100000 533657980 58 10000 9942 0 0 58 0 0 0 0 0 0 0 10000 33 0 1000 5 1.526 0.0 ../q4/./log/doc50cop1shlf1lif1000_af0s1tTOTAL_gf10000i33d0m1000_seed533657980.log 34622 q3-extractinstructions.txt 20150711_154531 0.5 559f0b1e7768393544b49be2
20150711_154525 50 1 1 1000 100000 711283608 46 10000 9954 0 0 46 0 0 0 0 0 0 0 10000 33 0 1000 6 1.519 0.047 ../q4/./log/doc50cop1shlf1lif1000_af0s1tTOTAL_gf10000i33d0m1000_seed711283608.log 29812 q3-extractinstructions.txt 20150711_154533 0.5 559f0b1e7768393544b49be3
20150711_154527 50 1 1 1000 100000 597296547 57 10000 9943 0 0 57 0 0 0 0 0 0 0 10000 33 0 1000 6 1.507 0.032 ../q4/./log/doc50cop1shlf1lif1000_af0s1tTOTAL_gf10000i33d0m1000_seed597296547.log 35177 q3-extractinstructions.txt 20150711_154535 0.5 559f0b1e7768393544b49be4
20150711_154530 50 1 1 1000 100000 664375964 54 10000 9946 0 0 54 0 0 0 0 0 0 0 10000 33 0 1000 9 1.528 0.031 ../q4/./log/doc50cop1shlf1lif1000_af0s1tTOTAL_gf10000i33d0m1000_seed664375964.log 33276 q3-extractinstructions.txt 20150711_154537 0.5 559f0b1e7768393544b49be5
20150711_154532 50 1 1 1000 100000 258760793 41 10000 9959 0 0 41 0 0 0 0 0 0 0 10000 33 0 1000 2 1.558 0.031 ../q4/./log/doc50cop1shlf1lif1000_af0s1tTOTAL_gf10000i33d0m1000_seed258760793.log 26653 q3-extractinstructions.txt 20150711_154539 0.5 559f0b1e7768393544b49be6
20150711_154534 50 1 1 1000 100000 666549275 61 10000 9939 0 0 61 0 0 0 0 0 0 0 10000 33 0 1000 8 1.545 0.047 ../q4/./log/doc50cop1shlf1lif1000_af0s1tTOTAL_gf10000i33d0m1000_seed666549275.log 37361 q3-extractinstructions.txt 20150711_154542 0.5 559f0b1e7768393544b49be7
20150711_154536 50 1 1 1000 100000 376517787 50 10000 9950 0 0 50 0 0 0 0 0 0 0 10000 33 0 1000 7 1.458 0.016 ../q4/./log/doc50cop1shlf1lif1000_af0s1tTOTAL_gf10000i33d0m1000_seed376517787.log 31455 q3-extractinstructions.txt 20150711_154543 0.5 559f0b1e7768393544b49be8
20150711_154538 50 1 1 1000 100000 817713633 48 10000 9952 0 0 48 0 0 0 0 0 0 0 10000 33 0 1000 6 1.483 0.016 ../q4/./log/doc50cop1shlf1lif1000_af0s1tTOTAL_gf10000i33d0m1000_seed817713633.log 31182 q3-extractinstructions.txt 20150711_154545 0.5 559f0b1e7768393544b49be9
20150711_154540 50 1 1 1000 100000 519606501 63 10000 9937 0 0 63 0 0 0 0 0 0 0 10000 33 0 1000 7 1.544 0.047 ../q4/./log/doc50cop1shlf1lif1000_af0s1tTOTAL_gf10000i33d0m1000_seed519606501.log 35692 q3-extractinstructions.txt 20150711_154547 0.5 559f0b1e7768393544b49bea
20150711_154543 50 1 1 1000 100000 715258232 41 10000 9959 0 0 41 0 0 0 0 0 0 0 10000 33 0 1000 9 1.481 0.031 ../q4/./log/doc50cop1shlf1lif1000_af0s1tTOTAL_gf10000i33d0m1000_seed715258232.log 29575 q3-extractinstructions.txt 20150711_154550 0.5 559f0b1e7768393544b49beb
20150711_154545 50 1 1 1000 100000 792850679 51 10000 9949 0 0 51 0 0 0 0 0 0 0 10000 33 0 1000 3 1.410 0.047 ../q4/./log/doc50cop1shlf1lif1000_af0s1tTOTAL_gf10000i33d0m1000_seed792850679.log 30660 q3-extractinstructions.txt 20150711_154552 0.5 559f0b1e7768393544b49bec
20150711_155515 50 1 1 2000 100000 919028296 33 10000 9967 0 0 33 0 0 0 0 0 0 0 10000 33 0 1000 12 1.402 0.047 ../q4/./log/doc50cop1shlf1lif2000_af0s1tTOTAL_gf10000i33d0m1000_seed919028296.log 26839 q3-extractinstructions.txt 20150711_155522 0.5 559f0b1e7768393544b49c56
20150711_155517 50 1 1 2000 100000 103765041 31 10000 9969 0 0 31 0 0 0 0 0 0 0 10000 33 0 1000 8 1.360 0.016 ../q4/./log/doc50cop1shlf1lif2000_af0s1tTOTAL_gf10000i33d0m1000_seed103765041.log 24267 q3-extractinstructions.txt 20150711_155524 0.5 559f0b1e7768393544b49c57
20150711_155519 50 1 1 2000 100000 141246882 19 10000 9981 0 0 19 0 0 0 0 0 0 0 10000 33 0 1000 1 1.294 0.0 ../q4/./log/doc50cop1shlf1lif2000_af0s1tTOTAL_gf10000i33d0m1000_seed141246882.log 17457 q3-extractinstructions.txt 20150711_155526 0.5 559f0b1e7768393544b49c58
20150711_155521 50 1 1 2000 100000 681028781 23 10000 9977 0 0 23 0 0 0 0 0 0 0 10000 33 0 1000 8 1.345 0.031 ../q4/./log/doc50cop1shlf1lif2000_af0s1tTOTAL_gf10000i33d0m1000_seed681028781.log 22523 q3-extractinstructions.txt 20150711_155529 0.5 559f0b1e7768393544b49c59
20150711_155524 50 1 1 2000 100000 117661523 28 10000 9972 0 0 28 0 0 0 0 0 0 0 10000 33 0 1000 6 1.342 0.031 ../q4/./log/doc50cop1shlf1lif2000_af0s1tTOTAL_gf10000i33d0m1000_seed117661523.log 21775 q3-extractinstructions.txt 20150711_155531 0.5 559f0b1e7768393544b49c5a
20150711_155526 50 1 1 2000 100000 105731136 33 10000 9967 0 0 33 0 0 0 0 0 0 0 10000 33 0 1000 8 1.348 0.047 ../q4/./log/doc50cop1shlf1lif2000_af0s1tTOTAL_gf10000i33d0m1000_seed105731136.log 24317 q3-extractinstructions.txt 20150711_155533 0.5 559f0b1e7768393544b49c5b
20150711_155528 50 1 1 2000 100000 967561224 22 10000 9978 0 0 22 0 0 0 0 0 0 0 10000 33 0 1000 3 1.395 0.032 ../q4/./log/doc50cop1shlf1lif2000_af0s1tTOTAL_gf10000i33d0m1000_seed967561224.log 18373 q3-extractinstructions.txt 20150711_155535 0.5 559f0b1e7768393544b49c5c
20150711_155530 50 1 1 2000 100000 420477893 26 10000 9974 0 0 26 0 0 0 0 0 0 0 10000 33 0 1000 3 1.378 0.0 ../q4/./log/doc50cop1shlf1lif2000_af0s1tTOTAL_gf10000i33d0m1000_seed420477893.log 20223 q3-extractinstructions.txt 20150711_155537 0.5 559f0b1e7768393544b49c5d
20150711_155532 50 1 1 2000 100000 263688301 29 10000 9971 0 0 29 0 0 0 0 0 0 0 10000 33 0 1000 9 1.384 0.016 ../q4/./log/doc50cop1shlf1lif2000_af0s1tTOTAL_gf10000i33d0m1000_seed263688301.log 24262 q3-extractinstructions.txt 20150711_155540 0.5 559f0b1e7768393544b49c5e
20150711_155534 50 1 1 2000 100000 50746969 25 10000 9975 0 0 25 0 0 0 0 0 0 0 10000 33 0 1000 7 1.414 0.0 ../q4/./log/doc50cop1shlf1lif2000_af0s1tTOTAL_gf10000i33d0m1000_seed50746969.log 22620 q3-extractinstructions.txt 20150711_155542 0.5 559f0b1e7768393544b49c5f
20150711_155536 50 1 1 2000 100000 533657980 27 10000 9973 0 0 27 0 0 0 0 0 0 0 10000 33 0 1000 8 1.450 0.032 ../q4/./log/doc50cop1shlf1lif2000_af0s1tTOTAL_gf10000i33d0m1000_seed533657980.log 22865 q3-extractinstructions.txt 20150711_155544 0.5 559f0b1e7768393544b49c60
20150711_155539 50 1 1 2000 100000 711283608 26 10000 9974 0 0 26 0 0 0 0 0 0 0 10000 33 0 1000 5 1.408 0.015 ../q4/./log/doc50cop1shlf1lif2000_af0s1tTOTAL_gf10000i33d0m1000_seed711283608.log 21495 q3-extractinstructions.txt 20150711_155546 0.5 559f0b1e7768393544b49c61
20150711_155541 50 1 1 2000 100000 597296547 33 10000 9967 0 0 33 0 0 0 0 0 0 0 10000 33 0 1000 1 1.449 0.031 ../q4/./log/doc50cop1shlf1lif2000_af0s1tTOTAL_gf10000i33d0m1000_seed597296547.log 23145 q3-extractinstructions.txt 20150711_155548 0.5 559f0b1e7768393544b49c62
20150711_155543 50 1 1 2000 100000 664375964 21 10000 9979 0 0 21 0 0 0 0 0 0 0 10000 33 0 1000 8 1.454 0.031 ../q4/./log/doc50cop1shlf1lif2000_af0s1tTOTAL_gf10000i33d0m1000_seed664375964.log 21221 q3-extractinstructions.txt 20150711_155550 0.5 559f0b1e7768393544b49c63
20150711_155545 50 1 1 2000 100000 258760793 23 10000 9977 0 0 23 0 0 0 0 0 0 0 10000 33 0 1000 4 1.450 0.0 ../q4/./log/doc50cop1shlf1lif2000_af0s1tTOTAL_gf10000i33d0m1000_seed258760793.log 20664 q3-extractinstructions.txt 20150711_155552 0.5 559f0b1e7768393544b49c64
20150711_155547 50 1 1 2000 100000 666549275 27 10000 9973 0 0 27 0 0 0 0 0 0 0 10000 33 0 1000 5 1.446 0.016 ../q4/./log/doc50cop1shlf1lif2000_af0s1tTOTAL_gf10000i33d0m1000_seed666549275.log 21987 q3-extractinstructions.txt 20150711_155554 0.5 559f0b1e7768393544b49c65
20150711_155549 50 1 1 2000 100000 376517787 32 10000 9968 0 0 32 0 0 0 0 0 0 0 10000 33 0 1000 5 1.428 0.032 ../q4/./log/doc50cop1shlf1lif2000_af0s1tTOTAL_gf10000i33d0m1000_seed376517787.log 23072 q3-extractinstructions.txt 20150711_155556 0.5 559f0b1e7768393544b49c66
20150711_155551 50 1 1 2000 100000 817713633 33 10000 9967 0 0 33 0 0 0 0 0 0 0 10000 33 0 1000 6 1.428 0.031 ../q4/./log/doc50cop1shlf1lif2000_af0s1tTOTAL_gf10000i33d0m1000_seed817713633.log 24217 q3-extractinstructions.txt 20150711_155559 0.5 559f0b1e7768393544b49c67
20150711_155553 50 1 1 2000 100000 519606501 28 10000 9972 0 0 28 0 0 0 0 0 0 0 10000 33 0 1000 6 1.400 0.016 ../q4/./log/doc50cop1shlf1lif2000_af0s1tTOTAL_gf10000i33d0m1000_seed519606501.log 22933 q3-extractinstructions.txt 20150711_155600 0.5 559f0b1e7768393544b49c68
20150711_155556 50 1 1 2000 100000 715258232 24 10000 9976 0 0 24 0 0 0 0 0 0 0 10000 33 0 1000 5 1.410 0.016 ../q4/./log/doc50cop1shlf1lif2000_af0s1tTOTAL_gf10000i33d0m1000_seed715258232.log 20897 q3-extractinstructions.txt 20150711_155602 0.5 559f0b1e7768393544b49c69
20150711_155558 50 1 1 2000 100000 792850679 23 10000 9977 0 0 23 0 0 0 0 0 0 0 10000 33 0 1000 1 1.384 0.047 ../q4/./log/doc50cop1shlf1lif2000_af0s1tTOTAL_gf10000i33d0m1000_seed792850679.log 18927 q3-extractinstructions.txt 20150711_155605 0.5 559f0b1e7768393544b49c6a
20150711_160612 50 1 1 5 100000 919028296 6443 10000 3557 0 0 6443 0 0 0 0 0 0 0 10000 33 0 1000 8 22.515 4.697 ../q4/./log/doc50cop1shlf1lif5_af0s1tTOTAL_gf10000i33d0m1000_seed919028296.log 2746122 q3-extractinstructions.txt 20150711_160653 0.5 559f0b1e7768393544b4976a
20150711_160614 50 1 1 5 100000 103765041 6462 10000 3538 0 0 6462 0 0 0 0 0 0 0 10000 33 0 1000 6 22.789 5.508 ../q4/./log/doc50cop1shlf1lif5_af0s1tTOTAL_gf10000i33d0m1000_seed103765041.log 2748522 q3-extractinstructions.txt 20150711_160656 0.5 559f0b1e7768393544b4976b
20150711_160616 50 1 1 5 100000 141246882 6316 10000 3684 0 0 6316 0 0 0 0 0 0 0 10000 33 0 1000 2 22.706 4.993 ../q4/./log/doc50cop1shlf1lif5_af0s1tTOTAL_gf10000i33d0m1000_seed141246882.log 2686135 q3-extractinstructions.txt 20150711_160658 0.5 559f0b1e7768393544b4976c
20150711_160618 50 1 1 5 100000 681028781 6365 10000 3635 0 0 6365 0 0 0 0 0 0 0 10000 33 0 1000 5 23.954 5.709 ../q4/./log/doc50cop1shlf1lif5_af0s1tTOTAL_gf10000i33d0m1000_seed681028781.log 2696653 q3-extractinstructions.txt 20150711_160702 0.5 559f0b1e7768393544b4976d
20150711_160620 50 1 1 5 100000 117661523 6434 10000 3566 0 0 6434 0 0 0 0 0 0 0 10000 33 0 1000 7 26.265 5.647 ../q4/./log/doc50cop1shlf1lif5_af0s1tTOTAL_gf10000i33d0m1000_seed117661523.log 2728122 q3-extractinstructions.txt 20150711_160707 0.5 559f0b1e7768393544b4976e
20150711_160622 50 1 1 5 100000 105731136 6410 10000 3590 0 0 6410 0 0 0 0 0 0 0 10000 33 0 1000 7 29.611 5.679 ../q4/./log/doc50cop1shlf1lif5_af0s1tTOTAL_gf10000i33d0m1000_seed105731136.log 2735071 q3-extractinstructions.txt 20150711_160712 0.5 559f0b1e7768393544b4976f
20150711_160625 50 1 1 5 100000 967561224 6397 10000 3603 0 0 6397 0 0 0 0 0 0 0 10000 33 0 1000 7 31.297 5.568 ../q4/./log/doc50cop1shlf1lif5_af0s1tTOTAL_gf10000i33d0m1000_seed967561224.log 2726038 q3-extractinstructions.txt 20150711_160716 0.5 559f0b1e7768393544b49770
20150711_160627 50 1 1 5 100000 420477893 6389 10000 3611 0 0 6389 0 0 0 0 0 0 0 10000 33 0 1000 3 32.927 5.039 ../q4/./log/doc50cop1shlf1lif5_af0s1tTOTAL_gf10000i33d0m1000_seed420477893.log 2702003 q3-extractinstructions.txt 20150711_160720 0.5 559f0b1e7768393544b49771
20150711_160639 50 1 1 5 100000 263688301 6473 10000 3527 0 0 6473 0 0 0 0 0 0 0 10000 33 0 1000 8 38.798 3.962 ../q4/./log/doc50cop1shlf1lif5_af0s1tTOTAL_gf10000i33d0m1000_seed263688301.log 2750088 q3-extractinstructions.txt 20150711_160736 0.5 559f0b1e7768393544b49772
20150711_160703 50 1 1 5 100000 50746969 6533 10000 3467 0 0 6533 0 0 0 0 0 0 0 10000 33 0 1000 10 33.808 5.054 ../q4/./log/doc50cop1shlf1lif5_af0s1tTOTAL_gf10000i33d0m1000_seed50746969.log 2775439 q3-extractinstructions.txt 20150711_160756 0.5 559f0b1e7768393544b49773
20150711_160706 50 1 1 5 100000 533657980 6388 10000 3612 0 0 6388 0 0 0 0 0 0 0 10000 33 0 1000 6 32.061 5.241 ../q4/./log/doc50cop1shlf1lif5_af0s1tTOTAL_gf10000i33d0m1000_seed533657980.log 2717872 q3-extractinstructions.txt 20150711_160757 0.5 559f0b1e7768393544b49774
20150711_160716 50 1 1 5 100000 711283608 6422 10000 3578 0 0 6422 0 0 0 0 0 0 0 10000 33 0 1000 9 32.547 5.693 ../q4/./log/doc50cop1shlf1lif5_af0s1tTOTAL_gf10000i33d0m1000_seed711283608.log 2730353 q3-extractinstructions.txt 20150711_160809 0.5 559f0b1e7768393544b49775
20150711_160718 50 1 1 5 100000 597296547 6415 10000 3585 0 0 6415 0 0 0 0 0 0 0 10000 33 0 1000 6 34.316 4.68 ../q4/./log/doc50cop1shlf1lif5_af0s1tTOTAL_gf10000i33d0m1000_seed597296547.log 2714652 q3-extractinstructions.txt 20150711_160813 0.5 559f0b1e7768393544b49776
20150711_160720 50 1 1 5 100000 664375964 6469 10000 3531 0 0 6469 0 0 0 0 0 0 0 10000 33 0 1000 10 35.804 4.353 ../q4/./log/doc50cop1shlf1lif5_af0s1tTOTAL_gf10000i33d0m1000_seed664375964.log 2753211 q3-extractinstructions.txt 20150711_160818 0.5 559f0b1e7768393544b49777
20150711_160722 50 1 1 5 100000 258760793 6451 10000 3549 0 0 6451 0 0 0 0 0 0 0 10000 33 0 1000 5 35.464 4.306 ../q4/./log/doc50cop1shlf1lif5_af0s1tTOTAL_gf10000i33d0m1000_seed258760793.log 2731308 q3-extractinstructions.txt 20150711_160819 0.5 559f0b1e7768393544b49778
20150711_160737 50 1 1 5 100000 666549275 6435 10000 3565 0 0 6435 0 0 0 0 0 0 0 10000 33 0 1000 8 41.578 3.463 ../q4/./log/doc50cop1shlf1lif5_af0s1tTOTAL_gf10000i33d0m1000_seed666549275.log 2732326 q3-extractinstructions.txt 20150711_160836 0.5 559f0b1e7768393544b49779
20150711_160749 50 1 1 5 100000 376517787 6431 10000 3569 0 0 6431 0 0 0 0 0 0 0 10000 33 0 1000 8 37.708 3.291 ../q4/./log/doc50cop1shlf1lif5_af0s1tTOTAL_gf10000i33d0m1000_seed376517787.log 2733143 q3-extractinstructions.txt 20150711_160844 0.5 559f0b1e7768393544b4977a
20150711_160759 50 1 1 5 100000 817713633 6466 10000 3534 0 0 6466 0 0 0 0 0 0 0 10000 33 0 1000 11 39.659 3.588 ../q4/./log/doc50cop1shlf1lif5_af0s1tTOTAL_gf10000i33d0m1000_seed817713633.log 2753756 q3-extractinstructions.txt 20150711_160856 0.5 559f0b1e7768393544b4977b
20150711_160803 50 1 1 5 100000 519606501 6493 10000 3507 0 0 6493 0 0 0 0 0 0 0 10000 33 0 1000 5 38.902 4.103 ../q4/./log/doc50cop1shlf1lif5_af0s1tTOTAL_gf10000i33d0m1000_seed519606501.log 2746799 q3-extractinstructions.txt 20150711_160900 0.5 559f0b1e7768393544b4977c
20150711_160815 50 1 1 5 100000 715258232 6559 10000 3441 0 0 6559 0 0 0 0 0 0 0 10000 33 0 1000 12 33.788 4.057 ../q4/./log/doc50cop1shlf1lif5_af0s1tTOTAL_gf10000i33d0m1000_seed715258232.log 2787492 q3-extractinstructions.txt 20150711_160906 0.5 559f0b1e7768393544b4977d
20150711_160826 50 1 1 5 100000 792850679 6374 10000 3626 0 0 6374 0 0 0 0 0 0 0 10000 33 0 1000 5 33.710 3.4 ../q4/./log/doc50cop1shlf1lif5_af0s1tTOTAL_gf10000i33d0m1000_seed792850679.log 2699843 q3-extractinstructions.txt 20150711_160916 0.5 559f0b1e7768393544b4977e
20150711_161412 50 1 1 3 100000 919028296 8206 10000 1794 0 0 8206 0 0 0 0 0 0 0 10000 33 0 1000 9 31.386 7.956 ../q4/./log/doc50cop1shlf1lif3_af0s1tTOTAL_gf10000i33d0m1000_seed919028296.log 3560421 q3-extractinstructions.txt 20150711_161510 0.5 559f0b1e7768393544b496ec
20150711_161414 50 1 1 3 100000 103765041 8242 10000 1758 0 0 8242 0 0 0 0 0 0 0 10000 33 0 1000 10 31.912 7.925 ../q4/./log/doc50cop1shlf1lif3_af0s1tTOTAL_gf10000i33d0m1000_seed103765041.log 3588535 q3-extractinstructions.txt 20150711_161513 0.5 559f0b1e7768393544b496ed
20150711_161417 50 1 1 3 100000 141246882 8138 10000 1862 0 0 8138 0 0 0 0 0 0 0 10000 33 0 1000 2 30.773 8.034 ../q4/./log/doc50cop1shlf1lif3_af0s1tTOTAL_gf10000i33d0m1000_seed141246882.log 3527160 q3-extractinstructions.txt 20150711_161514 0.5 559f0b1e7768393544b496ee
20150711_161419 50 1 1 3 100000 681028781 8319 10000 1681 0 0 8319 0 0 0 0 0 0 0 10000 33 0 1000 12 31.357 8.673 ../q4/./log/doc50cop1shlf1lif3_af0s1tTOTAL_gf10000i33d0m1000_seed681028781.log 3601306 q3-extractinstructions.txt 20150711_161518 0.5 559f0b1e7768393544b496ef
20150711_161421 50 1 1 3 100000 117661523 8249 10000 1751 0 0 8249 0 0 0 0 0 0 0 10000 33 0 1000 7 31.524 8.69 ../q4/./log/doc50cop1shlf1lif3_af0s1tTOTAL_gf10000i33d0m1000_seed117661523.log 3564293 q3-extractinstructions.txt 20150711_161520 0.5 559f0b1e7768393544b496f0
20150711_161423 50 1 1 3 100000 105731136 8148 10000 1852 0 0 8148 0 0 0 0 0 0 0 10000 33 0 1000 4 31.713 8.112 ../q4/./log/doc50cop1shlf1lif3_af0s1tTOTAL_gf10000i33d0m1000_seed105731136.log 3530828 q3-extractinstructions.txt 20150711_161523 0.5 559f0b1e7768393544b496f1
20150711_161425 50 1 1 3 100000 967561224 8233 10000 1767 0 0 8233 0 0 0 0 0 0 0 10000 33 0 1000 8 35.746 7.801 ../q4/./log/doc50cop1shlf1lif3_af0s1tTOTAL_gf10000i33d0m1000_seed967561224.log 3567634 q3-extractinstructions.txt 20150711_161528 0.5 559f0b1e7768393544b496f2
20150711_161427 50 1 1 3 100000 420477893 8193 10000 1807 0 0 8193 0 0 0 0 0 0 0 10000 33 0 1000 4 38.830 7.878 ../q4/./log/doc50cop1shlf1lif3_af0s1tTOTAL_gf10000i33d0m1000_seed420477893.log 3540601 q3-extractinstructions.txt 20150711_161532 0.5 559f0b1e7768393544b496f3
20150711_161450 50 1 1 3 100000 263688301 8259 10000 1741 0 0 8259 0 0 0 0 0 0 0 10000 33 0 1000 9 47.323 7.129 ../q4/./log/doc50cop1shlf1lif3_af0s1tTOTAL_gf10000i33d0m1000_seed263688301.log 3577244 q3-extractinstructions.txt 20150711_161600 0.5 559f0b1e7768393544b496f4
20150711_161452 50 1 1 3 100000 50746969 8146 10000 1854 0 0 8146 0 0 0 0 0 0 0 10000 33 0 1000 3 47.159 7.598 ../q4/./log/doc50cop1shlf1lif3_af0s1tTOTAL_gf10000i33d0m1000_seed50746969.log 3528661 q3-extractinstructions.txt 20150711_161601 0.5 559f0b1e7768393544b496f5
20150711_161525 50 1 1 3 100000 533657980 8222 10000 1778 0 0 8222 0 0 0 0 0 0 0 10000 33 0 1000 5 37.407 8.221 ../q4/./log/doc50cop1shlf1lif3_af0s1tTOTAL_gf10000i33d0m1000_seed533657980.log 3567792 q3-extractinstructions.txt 20150711_161628 0.5 559f0b1e7768393544b496f6
20150711_161527 50 1 1 3 100000 711283608 8190 10000 1810 0 0 8190 0 0 0 0 0 0 0 10000 33 0 1000 11 36.562 7.769 ../q4/./log/doc50cop1shlf1lif3_af0s1tTOTAL_gf10000i33d0m1000_seed711283608.log 3559002 q3-extractinstructions.txt 20150711_161629 0.5 559f0b1e7768393544b496f7
20150711_161529 50 1 1 3 100000 597296547 8122 10000 1878 0 0 8122 0 0 0 0 0 0 0 10000 33 0 1000 3 35.934 7.924 ../q4/./log/doc50cop1shlf1lif3_af0s1tTOTAL_gf10000i33d0m1000_seed597296547.log 3512626 q3-extractinstructions.txt 20150711_161631 0.5 559f0b1e7768393544b496f8
20150711_161531 50 1 1 3 100000 664375964 8225 10000 1775 0 0 8225 0 0 0 0 0 0 0 10000 33 0 1000 8 36.014 7.644 ../q4/./log/doc50cop1shlf1lif3_af0s1tTOTAL_gf10000i33d0m1000_seed664375964.log 3573796 q3-extractinstructions.txt 20150711_161633 0.5 559f0b1e7768393544b496f9
20150711_161533 50 1 1 3 100000 258760793 8238 10000 1762 0 0 8238 0 0 0 0 0 0 0 10000 33 0 1000 3 37.165 7.269 ../q4/./log/doc50cop1shlf1lif3_af0s1tTOTAL_gf10000i33d0m1000_seed258760793.log 3565419 q3-extractinstructions.txt 20150711_161636 0.5 559f0b1e7768393544b496fa
20150711_161546 50 1 1 3 100000 666549275 8166 10000 1834 0 0 8166 0 0 0 0 0 0 0 10000 33 0 1000 7 50.909 6.443 ../q4/./log/doc50cop1shlf1lif3_af0s1tTOTAL_gf10000i33d0m1000_seed666549275.log 3531156 q3-extractinstructions.txt 20150711_161657 0.5 559f0b1e7768393544b496fb
20150711_161607 50 1 1 3 100000 376517787 8251 10000 1749 0 0 8251 0 0 0 0 0 0 0 10000 33 0 1000 12 52.007 5.631 ../q4/./log/doc50cop1shlf1lif3_af0s1tTOTAL_gf10000i33d0m1000_seed376517787.log 3585238 q3-extractinstructions.txt 20150711_161722 0.5 559f0b1e7768393544b496fc
20150711_161610 50 1 1 3 100000 817713633 8137 10000 1863 0 0 8137 0 0 0 0 0 0 0 10000 33 0 1000 8 50.143 5.927 ../q4/./log/doc50cop1shlf1lif3_af0s1tTOTAL_gf10000i33d0m1000_seed817713633.log 3537095 q3-extractinstructions.txt 20150711_161723 0.5 559f0b1e7768393544b496fd
20150711_161613 50 1 1 3 100000 519606501 8186 10000 1814 0 0 8186 0 0 0 0 0 0 0 10000 33 0 1000 8 47.913 6.162 ../q4/./log/doc50cop1shlf1lif3_af0s1tTOTAL_gf10000i33d0m1000_seed519606501.log 3563785 q3-extractinstructions.txt 20150711_161723 0.5 559f0b1e7768393544b496fe
20150711_161636 50 1 1 3 100000 715258232 8292 10000 1708 0 0 8292 0 0 0 0 0 0 0 10000 33 0 1000 13 37.715 5.522 ../q4/./log/doc50cop1shlf1lif3_af0s1tTOTAL_gf10000i33d0m1000_seed715258232.log 3594164 q3-extractinstructions.txt 20150711_161734 0.5 559f0b1e7768393544b496ff
20150711_161647 50 1 1 3 100000 792850679 8147 10000 1853 0 0 8147 0 0 0 0 0 0 0 10000 33 0 1000 7 37.084 5.243 ../q4/./log/doc50cop1shlf1lif3_af0s1tTOTAL_gf10000i33d0m1000_seed792850679.log 3523787 q3-extractinstructions.txt 20150711_161743 0.5 559f0b1e7768393544b49700
