timestamp docsize shelfsize copies lifem simlength seed lost docstotal docsokay docsrepairedmajority docsrepairedminority docslost auditcycles auditfrequency auditsegments auditrepairs auditmajority auditminority auditlost glitchfreq glitchimpact glitchdecay glitchmaxlife nglitches walltime cputime logfilename logfilesize instructionfilename todaysdatetime extractorversion mongoid
20150711_192348 50 1 1 3 100000 141246882 8578 10000 1422 0 0 8578 0 0 0 0 0 0 0 10000 90 0 1000 2 34.718 8.83 ../q3/./log/doc50cop1shlf1lif3_af0s1tTOTAL_gf10000i90d0m1000_seed141246882.log 3736971 q3-extractinstructions.txt 20150711_192448 0.5 559f0bc17768393544bafcee
20150711_192344 50 1 1 3 100000 919028296 9348 10000 652 0 0 9348 0 0 0 0 0 0 0 10000 90 0 1000 7 38.136 10.281 ../q3/./log/doc50cop1shlf1lif3_af0s1tTOTAL_gf10000i90d0m1000_seed919028296.log 4093683 q3-extractinstructions.txt 20150711_192450 0.5 559f0bc17768393544bafcec
20150711_192346 50 1 1 3 100000 103765041 9219 10000 781 0 0 9219 0 0 0 0 0 0 0 10000 90 0 1000 6 37.343 9.501 ../q3/./log/doc50cop1shlf1lif3_af0s1tTOTAL_gf10000i90d0m1000_seed103765041.log 4037185 q3-extractinstructions.txt 20150711_192451 0.5 559f0bc17768393544bafced
20150711_192350 50 1 1 3 100000 681028781 9667 10000 333 0 0 9667 0 0 0 0 0 0 0 10000 90 0 1000 14 41.620 12.62 ../q3/./log/doc50cop1shlf1lif3_af0s1tTOTAL_gf10000i90d0m1000_seed681028781.log 4264589 q3-extractinstructions.txt 20150711_192503 0.5 559f0bc17768393544bafcef
20150711_192355 50 1 1 3 100000 105731136 9124 10000 876 0 0 9124 0 0 0 0 0 0 0 10000 90 0 1000 5 38.964 10.156 ../q3/./log/doc50cop1shlf1lif3_af0s1tTOTAL_gf10000i90d0m1000_seed105731136.log 3993808 q3-extractinstructions.txt 20150711_192504 0.5 559f0bc17768393544bafcf1
20150711_192352 50 1 1 3 100000 117661523 9529 10000 471 0 0 9529 0 0 0 0 0 0 0 10000 90 0 1000 10 40.511 11.84 ../q3/./log/doc50cop1shlf1lif3_af0s1tTOTAL_gf10000i90d0m1000_seed117661523.log 4181354 q3-extractinstructions.txt 20150711_192504 0.5 559f0bc17768393544bafcf0
20150711_192357 50 1 1 3 100000 967561224 9138 10000 862 0 0 9138 0 0 0 0 0 0 0 10000 90 0 1000 6 41.535 9.782 ../q3/./log/doc50cop1shlf1lif3_af0s1tTOTAL_gf10000i90d0m1000_seed967561224.log 3996270 q3-extractinstructions.txt 20150711_192508 0.5 559f0bc17768393544bafcf2
20150711_192359 50 1 1 3 100000 420477893 8835 10000 1165 0 0 8835 0 0 0 0 0 0 0 10000 90 0 1000 3 40.714 8.767 ../q3/./log/doc50cop1shlf1lif3_af0s1tTOTAL_gf10000i90d0m1000_seed420477893.log 3844725 q3-extractinstructions.txt 20150711_192508 0.5 559f0bc17768393544bafcf3
20150711_192443 50 1 1 3 100000 263688301 9358 10000 642 0 0 9358 0 0 0 0 0 0 0 10000 90 0 1000 8 51.257 8.564 ../q3/./log/doc50cop1shlf1lif3_af0s1tTOTAL_gf10000i90d0m1000_seed263688301.log 4104080 q3-extractinstructions.txt 20150711_192603 0.5 559f0bc17768393544bafcf4
20150711_192458 50 1 1 3 100000 50746969 8757 10000 1243 0 0 8757 0 0 0 0 0 0 0 10000 90 0 1000 3 37.744 7.347 ../q3/./log/doc50cop1shlf1lif3_af0s1tTOTAL_gf10000i90d0m1000_seed50746969.log 3814938 q3-extractinstructions.txt 20150711_192603 0.5 559f0bc17768393544bafcf5
20150711_192507 50 1 1 3 100000 533657980 9251 10000 749 0 0 9251 0 0 0 0 0 0 0 10000 90 0 1000 6 37.303 9.376 ../q3/./log/doc50cop1shlf1lif3_af0s1tTOTAL_gf10000i90d0m1000_seed533657980.log 4054074 q3-extractinstructions.txt 20150711_192613 0.5 559f0bc17768393544bafcf6
20150711_192511 50 1 1 3 100000 597296547 9055 10000 945 0 0 9055 0 0 0 0 0 0 0 10000 90 0 1000 5 36.674 9.33 ../q3/./log/doc50cop1shlf1lif3_af0s1tTOTAL_gf10000i90d0m1000_seed597296547.log 3960800 q3-extractinstructions.txt 20150711_192616 0.5 559f0bc17768393544bafcf8
20150711_192509 50 1 1 3 100000 711283608 9453 10000 547 0 0 9453 0 0 0 0 0 0 0 10000 90 0 1000 9 39.429 10.764 ../q3/./log/doc50cop1shlf1lif3_af0s1tTOTAL_gf10000i90d0m1000_seed711283608.log 4155225 q3-extractinstructions.txt 20150711_192616 0.5 559f0bc17768393544bafcf7
20150711_192523 50 1 1 3 100000 664375964 9381 10000 619 0 0 9381 0 0 0 0 0 0 0 10000 90 0 1000 7 42.191 10.155 ../q3/./log/doc50cop1shlf1lif3_af0s1tTOTAL_gf10000i90d0m1000_seed664375964.log 4106381 q3-extractinstructions.txt 20150711_192632 0.5 559f0bc17768393544bafcf9
20150711_192525 50 1 1 3 100000 258760793 9165 10000 835 0 0 9165 0 0 0 0 0 0 0 10000 90 0 1000 5 41.197 8.643 ../q3/./log/doc50cop1shlf1lif3_af0s1tTOTAL_gf10000i90d0m1000_seed258760793.log 4006028 q3-extractinstructions.txt 20150711_192632 0.5 559f0bc17768393544bafcfa
20150711_192527 50 1 1 3 100000 666549275 9188 10000 812 0 0 9188 0 0 0 0 0 0 0 10000 90 0 1000 6 42.976 9.469 ../q3/./log/doc50cop1shlf1lif3_af0s1tTOTAL_gf10000i90d0m1000_seed666549275.log 4017941 q3-extractinstructions.txt 20150711_192636 0.5 559f0bc17768393544bafcfb
20150711_192539 50 1 1 3 100000 376517787 9525 10000 475 0 0 9525 0 0 0 0 0 0 0 10000 90 0 1000 9 47.837 11.513 ../q3/./log/doc50cop1shlf1lif3_af0s1tTOTAL_gf10000i90d0m1000_seed376517787.log 4177949 q3-extractinstructions.txt 20150711_192653 0.5 559f0bc17768393544bafcfc
20150711_192623 50 1 1 3 100000 817713633 9200 10000 800 0 0 9200 0 0 0 0 0 0 0 10000 90 0 1000 6 42.870 9.702 ../q3/./log/doc50cop1shlf1lif3_af0s1tTOTAL_gf10000i90d0m1000_seed817713633.log 4045275 q3-extractinstructions.txt 20150711_192735 0.5 559f0bc17768393544bafcfd
20150711_192631 50 1 1 5 100000 919028296 8473 10000 1527 0 0 8473 0 0 0 0 0 0 0 10000 90 0 1000 10 37.471 8.112 ../q3/./log/doc50cop1shlf1lif5_af0s1tTOTAL_gf10000i90d0m1000_seed919028296.log 3685596 q3-extractinstructions.txt 20150711_192736 0.5 559f0bc17768393544bafd6a
20150711_192624 50 1 1 3 100000 519606501 9451 10000 549 0 0 9451 0 0 0 0 0 0 0 10000 90 0 1000 10 43.847 10.031 ../q3/./log/doc50cop1shlf1lif3_af0s1tTOTAL_gf10000i90d0m1000_seed519606501.log 4143146 q3-extractinstructions.txt 20150711_192738 0.5 559f0bc17768393544bafcfe
20150711_192629 50 1 1 3 100000 792850679 9325 10000 675 0 0 9325 0 0 0 0 0 0 0 10000 90 0 1000 8 42.392 10.218 ../q3/./log/doc50cop1shlf1lif3_af0s1tTOTAL_gf10000i90d0m1000_seed792850679.log 4082393 q3-extractinstructions.txt 20150711_192741 0.5 559f0bc17768393544bafd00
20150711_192644 50 1 1 5 100000 103765041 7781 10000 2219 0 0 7781 0 0 0 0 0 0 0 10000 90 0 1000 6 31.458 6.552 ../q3/./log/doc50cop1shlf1lif5_af0s1tTOTAL_gf10000i90d0m1000_seed103765041.log 3370770 q3-extractinstructions.txt 20150711_192741 0.5 559f0bc17768393544bafd6b
20150711_192626 50 1 1 3 100000 715258232 9592 10000 408 0 0 9592 0 0 0 0 0 0 0 10000 90 0 1000 11 44.754 11.201 ../q3/./log/doc50cop1shlf1lif3_af0s1tTOTAL_gf10000i90d0m1000_seed715258232.log 4208688 q3-extractinstructions.txt 20150711_192742 0.5 559f0bc17768393544bafcff
20150711_192655 50 1 1 5 100000 141246882 6895 10000 3105 0 0 6895 0 0 0 0 0 0 0 10000 90 0 1000 2 30.106 5.553 ../q3/./log/doc50cop1shlf1lif5_af0s1tTOTAL_gf10000i90d0m1000_seed141246882.log 2950234 q3-extractinstructions.txt 20150711_192747 0.5 559f0bc17768393544bafd6c
20150711_192657 50 1 1 5 100000 681028781 7738 10000 2262 0 0 7738 0 0 0 0 0 0 0 10000 90 0 1000 7 43.771 6.615 ../q3/./log/doc50cop1shlf1lif5_af0s1tTOTAL_gf10000i90d0m1000_seed681028781.log 3331068 q3-extractinstructions.txt 20150711_192801 0.5 559f0bc17768393544bafd6d
20150711_192711 50 1 1 5 100000 105731136 7191 10000 2809 0 0 7191 0 0 0 0 0 0 0 10000 90 0 1000 3 44.802 5.272 ../q3/./log/doc50cop1shlf1lif5_af0s1tTOTAL_gf10000i90d0m1000_seed105731136.log 3087696 q3-extractinstructions.txt 20150711_192817 0.5 559f0bc17768393544bafd6f
20150711_192709 50 1 1 5 100000 117661523 7448 10000 2552 0 0 7448 0 0 0 0 0 0 0 10000 90 0 1000 5 46.366 6.271 ../q3/./log/doc50cop1shlf1lif5_af0s1tTOTAL_gf10000i90d0m1000_seed117661523.log 3192221 q3-extractinstructions.txt 20150711_192817 0.5 559f0bc17768393544bafd6e
20150711_192746 50 1 1 5 100000 420477893 7674 10000 2326 0 0 7674 0 0 0 0 0 0 0 10000 90 0 1000 6 38.588 4.587 ../q3/./log/doc50cop1shlf1lif5_af0s1tTOTAL_gf10000i90d0m1000_seed420477893.log 3297343 q3-extractinstructions.txt 20150711_192846 0.5 559f0bc17768393544bafd71
20150711_192744 50 1 1 5 100000 967561224 8130 10000 1870 0 0 8130 0 0 0 0 0 0 0 10000 90 0 1000 8 41.460 5.694 ../q3/./log/doc50cop1shlf1lif5_af0s1tTOTAL_gf10000i90d0m1000_seed967561224.log 3518982 q3-extractinstructions.txt 20150711_192848 0.5 559f0bc17768393544bafd70
20150711_192758 50 1 1 5 100000 263688301 8027 10000 1973 0 0 8027 0 0 0 0 0 0 0 10000 90 0 1000 7 46.981 5.118 ../q3/./log/doc50cop1shlf1lif5_af0s1tTOTAL_gf10000i90d0m1000_seed263688301.log 3461952 q3-extractinstructions.txt 20150711_192908 0.5 559f0bc17768393544bafd72
20150711_192801 50 1 1 5 100000 50746969 8244 10000 1756 0 0 8244 0 0 0 0 0 0 0 10000 90 0 1000 8 48.460 6.005 ../q3/./log/doc50cop1shlf1lif5_af0s1tTOTAL_gf10000i90d0m1000_seed50746969.log 3568366 q3-extractinstructions.txt 20150711_192913 0.5 559f0bc17768393544bafd73
20150711_192804 50 1 1 5 100000 533657980 8397 10000 1603 0 0 8397 0 0 0 0 0 0 0 10000 90 0 1000 10 48.730 6.271 ../q3/./log/doc50cop1shlf1lif5_af0s1tTOTAL_gf10000i90d0m1000_seed533657980.log 3656597 q3-extractinstructions.txt 20150711_192917 0.5 559f0bc17768393544bafd74
20150711_192808 50 1 1 5 100000 711283608 8169 10000 1831 0 0 8169 0 0 0 0 0 0 0 10000 90 0 1000 8 46.053 6.38 ../q3/./log/doc50cop1shlf1lif5_af0s1tTOTAL_gf10000i90d0m1000_seed711283608.log 3539608 q3-extractinstructions.txt 20150711_192918 0.5 559f0bc17768393544bafd75
20150711_192827 50 1 1 5 100000 597296547 7797 10000 2203 0 0 7797 0 0 0 0 0 0 0 10000 90 0 1000 6 52.141 4.164 ../q3/./log/doc50cop1shlf1lif5_af0s1tTOTAL_gf10000i90d0m1000_seed597296547.log 3355816 q3-extractinstructions.txt 20150711_192940 0.5 559f0bc17768393544bafd76
20150711_192829 50 1 1 5 100000 664375964 7606 10000 2394 0 0 7606 0 0 0 0 0 0 0 10000 90 0 1000 5 51.751 4.165 ../q3/./log/doc50cop1shlf1lif5_af0s1tTOTAL_gf10000i90d0m1000_seed664375964.log 3271832 q3-extractinstructions.txt 20150711_192942 0.5 559f0bc17768393544bafd77
20150711_192832 50 1 1 5 100000 258760793 7649 10000 2351 0 0 7649 0 0 0 0 0 0 0 10000 90 0 1000 5 49.645 4.212 ../q3/./log/doc50cop1shlf1lif5_af0s1tTOTAL_gf10000i90d0m1000_seed258760793.log 3289985 q3-extractinstructions.txt 20150711_192943 0.5 559f0bc17768393544bafd78
20150711_192905 50 1 1 5 100000 666549275 8049 10000 1951 0 0 8049 0 0 0 0 0 0 0 10000 90 0 1000 8 45.665 5.366 ../q3/./log/doc50cop1shlf1lif5_af0s1tTOTAL_gf10000i90d0m1000_seed666549275.log 3474662 q3-extractinstructions.txt 20150711_193014 0.5 559f0bc17768393544bafd79
20150711_192917 50 1 1 5 100000 376517787 7721 10000 2279 0 0 7721 0 0 0 0 0 0 0 10000 90 0 1000 6 37.863 5.21 ../q3/./log/doc50cop1shlf1lif5_af0s1tTOTAL_gf10000i90d0m1000_seed376517787.log 3320582 q3-extractinstructions.txt 20150711_193019 0.5 559f0bc17768393544bafd7a
20150711_192947 50 1 1 10 100000 919028296 4880 10000 5120 0 0 4880 0 0 0 0 0 0 0 10000 90 0 1000 4 22.371 3.245 ../q3/./log/doc50cop1shlf1lif10_af0s1tTOTAL_gf10000i90d0m1000_seed919028296.log 2046610 q3-extractinstructions.txt 20150711_193026 0.5 559f0bc17768393544bafde8
20150711_192919 50 1 1 5 100000 817713633 8631 10000 1369 0 0 8631 0 0 0 0 0 0 0 10000 90 0 1000 11 43.389 6.177 ../q3/./log/doc50cop1shlf1lif5_af0s1tTOTAL_gf10000i90d0m1000_seed817713633.log 3769488 q3-extractinstructions.txt 20150711_193029 0.5 559f0bc17768393544bafd7b
20150711_192932 50 1 1 5 100000 519606501 7853 10000 2147 0 0 7853 0 0 0 0 0 0 0 10000 90 0 1000 6 41.648 5.366 ../q3/./log/doc50cop1shlf1lif5_af0s1tTOTAL_gf10000i90d0m1000_seed519606501.log 3375221 q3-extractinstructions.txt 20150711_193038 0.5 559f0bc17768393544bafd7c
20150711_193002 50 1 1 10 100000 141246882 4215 10000 5785 0 0 4215 0 0 0 0 0 0 0 10000 90 0 1000 1 21.618 3.151 ../q3/./log/doc50cop1shlf1lif10_af0s1tTOTAL_gf10000i90d0m1000_seed141246882.log 1758154 q3-extractinstructions.txt 20150711_193040 0.5 559f0bc17768393544bafdea
20150711_192934 50 1 1 5 100000 715258232 8140 10000 1860 0 0 8140 0 0 0 0 0 0 0 10000 90 0 1000 9 42.172 6.583 ../q3/./log/doc50cop1shlf1lif5_af0s1tTOTAL_gf10000i90d0m1000_seed715258232.log 3514751 q3-extractinstructions.txt 20150711_193042 0.5 559f0bc17768393544bafd7d
20150711_192945 50 1 1 5 100000 792850679 7192 10000 2808 0 0 7192 0 0 0 0 0 0 0 10000 90 0 1000 3 34.001 5.866 ../q3/./log/doc50cop1shlf1lif5_af0s1tTOTAL_gf10000i90d0m1000_seed792850679.log 3072739 q3-extractinstructions.txt 20150711_193043 0.5 559f0bc17768393544bafd7e
20150711_193000 50 1 1 10 100000 103765041 5530 10000 4470 0 0 5530 0 0 0 0 0 0 0 10000 90 0 1000 7 33.416 4.977 ../q3/./log/doc50cop1shlf1lif10_af0s1tTOTAL_gf10000i90d0m1000_seed103765041.log 2332573 q3-extractinstructions.txt 20150711_193052 0.5 559f0bc17768393544bafde9
20150711_193026 50 1 1 10 100000 681028781 5564 10000 4436 0 0 5564 0 0 0 0 0 0 0 10000 90 0 1000 7 31.240 3.214 ../q3/./log/doc50cop1shlf1lif10_af0s1tTOTAL_gf10000i90d0m1000_seed681028781.log 2341676 q3-extractinstructions.txt 20150711_193117 0.5 559f0bc17768393544bafdeb
20150711_193038 50 1 1 10 100000 117661523 4707 10000 5293 0 0 4707 0 0 0 0 0 0 0 10000 90 0 1000 3 21.568 3.416 ../q3/./log/doc50cop1shlf1lif10_af0s1tTOTAL_gf10000i90d0m1000_seed117661523.log 1955398 q3-extractinstructions.txt 20150711_193117 0.5 559f0bc17768393544bafdec
20150711_193042 50 1 1 10 100000 967561224 4469 10000 5531 0 0 4469 0 0 0 0 0 0 0 10000 90 0 1000 2 18.861 3.54 ../q3/./log/doc50cop1shlf1lif10_af0s1tTOTAL_gf10000i90d0m1000_seed967561224.log 1856032 q3-extractinstructions.txt 20150711_193118 0.5 559f0bc17768393544bafdee
20150711_193041 50 1 1 10 100000 105731136 4890 10000 5110 0 0 4890 0 0 0 0 0 0 0 10000 90 0 1000 4 21.257 3.588 ../q3/./log/doc50cop1shlf1lif10_af0s1tTOTAL_gf10000i90d0m1000_seed105731136.log 2043647 q3-extractinstructions.txt 20150711_193120 0.5 559f0bc17768393544bafded
20150711_193053 50 1 1 10 100000 420477893 5438 10000 4562 0 0 5438 0 0 0 0 0 0 0 10000 90 0 1000 7 28.619 4.523 ../q3/./log/doc50cop1shlf1lif10_af0s1tTOTAL_gf10000i90d0m1000_seed420477893.log 2275459 q3-extractinstructions.txt 20150711_193141 0.5 559f0bc17768393544bafdef
20150711_193055 50 1 1 10 100000 263688301 5785 10000 4215 0 0 5785 0 0 0 0 0 0 0 10000 90 0 1000 9 29.250 5.163 ../q3/./log/doc50cop1shlf1lif10_af0s1tTOTAL_gf10000i90d0m1000_seed263688301.log 2443362 q3-extractinstructions.txt 20150711_193145 0.5 559f0bc17768393544bafdf0
20150711_193102 50 1 1 10 100000 711283608 4903 10000 5097 0 0 4903 0 0 0 0 0 0 0 10000 90 0 1000 4 24.931 3.837 ../q3/./log/doc50cop1shlf1lif10_af0s1tTOTAL_gf10000i90d0m1000_seed711283608.log 2047260 q3-extractinstructions.txt 20150711_193146 0.5 559f0bc17768393544bafdf3
20150711_193057 50 1 1 10 100000 50746969 5823 10000 4177 0 0 5823 0 0 0 0 0 0 0 10000 90 0 1000 9 29.112 5.179 ../q3/./log/doc50cop1shlf1lif10_af0s1tTOTAL_gf10000i90d0m1000_seed50746969.log 2458568 q3-extractinstructions.txt 20150711_193148 0.5 559f0bc17768393544bafdf1
20150711_193104 50 1 1 10 100000 597296547 5188 10000 4812 0 0 5188 0 0 0 0 0 0 0 10000 90 0 1000 6 25.505 4.01 ../q3/./log/doc50cop1shlf1lif10_af0s1tTOTAL_gf10000i90d0m1000_seed597296547.log 2169458 q3-extractinstructions.txt 20150711_193149 0.5 559f0bc17768393544bafdf4
20150711_193059 50 1 1 10 100000 533657980 6224 10000 3776 0 0 6224 0 0 0 0 0 0 0 10000 90 0 1000 11 30.253 5.835 ../q3/./log/doc50cop1shlf1lif10_af0s1tTOTAL_gf10000i90d0m1000_seed533657980.log 2646176 q3-extractinstructions.txt 20150711_193152 0.5 559f0bc17768393544bafdf2
20150711_193131 50 1 1 10 100000 666549275 4744 10000 5256 0 0 4744 0 0 0 0 0 0 0 10000 90 0 1000 4 26.321 4.244 ../q3/./log/doc50cop1shlf1lif10_af0s1tTOTAL_gf10000i90d0m1000_seed666549275.log 1971673 q3-extractinstructions.txt 20150711_193214 0.5 559f0bc17768393544bafdf7
20150711_193128 50 1 1 10 100000 258760793 5191 10000 4809 0 0 5191 0 0 0 0 0 0 0 10000 90 0 1000 5 28.475 4.197 ../q3/./log/doc50cop1shlf1lif10_af0s1tTOTAL_gf10000i90d0m1000_seed258760793.log 2174769 q3-extractinstructions.txt 20150711_193215 0.5 559f0bc17768393544bafdf6
20150711_193126 50 1 1 10 100000 664375964 6315 10000 3685 0 0 6315 0 0 0 0 0 0 0 10000 90 0 1000 11 32.865 6.038 ../q3/./log/doc50cop1shlf1lif10_af0s1tTOTAL_gf10000i90d0m1000_seed664375964.log 2683091 q3-extractinstructions.txt 20150711_193220 0.5 559f0bc17768393544bafdf5
20150711_193134 50 1 1 10 100000 376517787 5582 10000 4418 0 0 5582 0 0 0 0 0 0 0 10000 90 0 1000 7 29.407 4.867 ../q3/./log/doc50cop1shlf1lif10_af0s1tTOTAL_gf10000i90d0m1000_seed376517787.log 2351678 q3-extractinstructions.txt 20150711_193222 0.5 559f0bc17768393544bafdf8
20150711_193205 50 1 1 20 100000 919028296 3293 10000 6707 0 0 3293 0 0 0 0 0 0 0 10000 90 0 1000 7 20.400 1.716 ../q3/./log/doc50cop1shlf1lif20_af0s1tTOTAL_gf10000i90d0m1000_seed919028296.log 1361928 q3-extractinstructions.txt 20150711_193238 0.5 559f0bc17768393544bafe66
20150711_193155 50 1 1 10 100000 817713633 4923 10000 5077 0 0 4923 0 0 0 0 0 0 0 10000 90 0 1000 5 28.115 3.463 ../q3/./log/doc50cop1shlf1lif10_af0s1tTOTAL_gf10000i90d0m1000_seed817713633.log 2070357 q3-extractinstructions.txt 20150711_193239 0.5 559f0bc17768393544bafdf9
20150711_193157 50 1 1 10 100000 519606501 5166 10000 4834 0 0 5166 0 0 0 0 0 0 0 10000 90 0 1000 5 28.308 3.464 ../q3/./log/doc50cop1shlf1lif10_af0s1tTOTAL_gf10000i90d0m1000_seed519606501.log 2166628 q3-extractinstructions.txt 20150711_193242 0.5 559f0bc17768393544bafdfa
20150711_193159 50 1 1 10 100000 715258232 6174 10000 3826 0 0 6174 0 0 0 0 0 0 0 10000 90 0 1000 10 35.274 4.352 ../q3/./log/doc50cop1shlf1lif10_af0s1tTOTAL_gf10000i90d0m1000_seed715258232.log 2609907 q3-extractinstructions.txt 20150711_193254 0.5 559f0bc17768393544bafdfb
20150711_193228 50 1 1 20 100000 141246882 2322 10000 7678 0 0 2322 0 0 0 0 0 0 0 10000 90 0 1000 1 15.338 1.342 ../q3/./log/doc50cop1shlf1lif20_af0s1tTOTAL_gf10000i90d0m1000_seed141246882.log 947264 q3-extractinstructions.txt 20150711_193254 0.5 559f0bc17768393544bafe68
20150711_193226 50 1 1 20 100000 103765041 2896 10000 7104 0 0 2896 0 0 0 0 0 0 0 10000 90 0 1000 4 17.487 1.482 ../q3/./log/doc50cop1shlf1lif20_af0s1tTOTAL_gf10000i90d0m1000_seed103765041.log 1186463 q3-extractinstructions.txt 20150711_193256 0.5 559f0bc17768393544bafe67
20150711_193201 50 1 1 10 100000 792850679 5842 10000 4158 0 0 5842 0 0 0 0 0 0 0 10000 90 0 1000 9 35.695 4.056 ../q3/./log/doc50cop1shlf1lif10_af0s1tTOTAL_gf10000i90d0m1000_seed792850679.log 2463074 q3-extractinstructions.txt 20150711_193256 0.5 559f0bc17768393544bafdfc
20150711_193231 50 1 1 20 100000 681028781 3113 10000 6887 0 0 3113 0 0 0 0 0 0 0 10000 90 0 1000 6 19.322 1.997 ../q3/./log/doc50cop1shlf1lif20_af0s1tTOTAL_gf10000i90d0m1000_seed681028781.log 1269987 q3-extractinstructions.txt 20150711_193303 0.5 559f0bc17768393544bafe69
20150711_193243 50 1 1 20 100000 117661523 3167 10000 6833 0 0 3167 0 0 0 0 0 0 0 10000 90 0 1000 6 16.130 2.48 ../q3/./log/doc50cop1shlf1lif20_af0s1tTOTAL_gf10000i90d0m1000_seed117661523.log 1297708 q3-extractinstructions.txt 20150711_193311 0.5 559f0bc17768393544bafe6a
20150711_193246 50 1 1 20 100000 105731136 2829 10000 7171 0 0 2829 0 0 0 0 0 0 0 10000 90 0 1000 4 14.908 2.215 ../q3/./log/doc50cop1shlf1lif20_af0s1tTOTAL_gf10000i90d0m1000_seed105731136.log 1161229 q3-extractinstructions.txt 20150711_193312 0.5 559f0bc17768393544bafe6b
20150711_193257 50 1 1 20 100000 967561224 2816 10000 7184 0 0 2816 0 0 0 0 0 0 0 10000 90 0 1000 4 12.207 2.044 ../q3/./log/doc50cop1shlf1lif20_af0s1tTOTAL_gf10000i90d0m1000_seed967561224.log 1154281 q3-extractinstructions.txt 20150711_193321 0.5 559f0bc17768393544bafe6c
20150711_193259 50 1 1 20 100000 420477893 2520 10000 7480 0 0 2520 0 0 0 0 0 0 0 10000 90 0 1000 2 10.751 2.09 ../q3/./log/doc50cop1shlf1lif20_af0s1tTOTAL_gf10000i90d0m1000_seed420477893.log 1025076 q3-extractinstructions.txt 20150711_193321 0.5 559f0bc17768393544bafe6d
20150711_193303 50 1 1 20 100000 263688301 3019 10000 6981 0 0 3019 0 0 0 0 0 0 0 10000 90 0 1000 5 11.149 2.355 ../q3/./log/doc50cop1shlf1lif20_af0s1tTOTAL_gf10000i90d0m1000_seed263688301.log 1236625 q3-extractinstructions.txt 20150711_193326 0.5 559f0bc17768393544bafe6e
20150711_193313 50 1 1 20 100000 50746969 3295 10000 6705 0 0 3295 0 0 0 0 0 0 0 10000 90 0 1000 7 15.249 2.933 ../q3/./log/doc50cop1shlf1lif20_af0s1tTOTAL_gf10000i90d0m1000_seed50746969.log 1358657 q3-extractinstructions.txt 20150711_193341 0.5 559f0bc17768393544bafe6f
20150711_193316 50 1 1 20 100000 533657980 3225 10000 6775 0 0 3225 0 0 0 0 0 0 0 10000 90 0 1000 6 14.001 2.388 ../q3/./log/doc50cop1shlf1lif20_af0s1tTOTAL_gf10000i90d0m1000_seed533657980.log 1327369 q3-extractinstructions.txt 20150711_193343 0.5 559f0bc17768393544bafe70
20150711_193320 50 1 1 20 100000 711283608 3531 10000 6469 0 0 3531 0 0 0 0 0 0 0 10000 90 0 1000 9 13.110 2.528 ../q3/./log/doc50cop1shlf1lif20_af0s1tTOTAL_gf10000i90d0m1000_seed711283608.log 1455505 q3-extractinstructions.txt 20150711_193347 0.5 559f0bc17768393544bafe71
20150711_193321 50 1 1 20 100000 597296547 3575 10000 6425 0 0 3575 0 0 0 0 0 0 0 10000 90 0 1000 9 12.603 2.543 ../q3/./log/doc50cop1shlf1lif20_af0s1tTOTAL_gf10000i90d0m1000_seed597296547.log 1470322 q3-extractinstructions.txt 20150711_193348 0.5 559f0bc17768393544bafe72
20150711_193334 50 1 1 20 100000 258760793 2691 10000 7309 0 0 2691 0 0 0 0 0 0 0 10000 90 0 1000 3 16.416 1.294 ../q3/./log/doc50cop1shlf1lif20_af0s1tTOTAL_gf10000i90d0m1000_seed258760793.log 1104249 q3-extractinstructions.txt 20150711_193402 0.5 559f0bc17768393544bafe74
20150711_193341 50 1 1 20 100000 376517787 3184 10000 6816 0 0 3184 0 0 0 0 0 0 0 10000 90 0 1000 7 15.271 2.027 ../q3/./log/doc50cop1shlf1lif20_af0s1tTOTAL_gf10000i90d0m1000_seed376517787.log 1299915 q3-extractinstructions.txt 20150711_193409 0.5 559f0bc17768393544bafe76
20150711_193332 50 1 1 20 100000 664375964 4210 10000 5790 0 0 4210 0 0 0 0 0 0 0 10000 90 0 1000 15 21.498 2.715 ../q3/./log/doc50cop1shlf1lif20_af0s1tTOTAL_gf10000i90d0m1000_seed664375964.log 1750024 q3-extractinstructions.txt 20150711_193409 0.5 559f0bc17768393544bafe73
20150711_193337 50 1 1 20 100000 666549275 3789 10000 6211 0 0 3789 0 0 0 0 0 0 0 10000 90 0 1000 12 19.784 2.371 ../q3/./log/doc50cop1shlf1lif20_af0s1tTOTAL_gf10000i90d0m1000_seed666549275.log 1563480 q3-extractinstructions.txt 20150711_193412 0.5 559f0bc17768393544bafe75
20150711_193344 50 1 1 20 100000 817713633 3385 10000 6615 0 0 3385 0 0 0 0 0 0 0 10000 90 0 1000 9 14.550 2.715 ../q3/./log/doc50cop1shlf1lif20_af0s1tTOTAL_gf10000i90d0m1000_seed817713633.log 1409759 q3-extractinstructions.txt 20150711_193412 0.5 559f0bc17768393544bafe77
20150711_193353 50 1 1 20 100000 519606501 3401 10000 6599 0 0 3401 0 0 0 0 0 0 0 10000 90 0 1000 7 18.452 2.481 ../q3/./log/doc50cop1shlf1lif20_af0s1tTOTAL_gf10000i90d0m1000_seed519606501.log 1395158 q3-extractinstructions.txt 20150711_193425 0.5 559f0bc17768393544bafe78
20150711_193357 50 1 1 20 100000 792850679 2764 10000 7236 0 0 2764 0 0 0 0 0 0 0 10000 90 0 1000 3 15.946 2.606 ../q3/./log/doc50cop1shlf1lif20_af0s1tTOTAL_gf10000i90d0m1000_seed792850679.log 1126817 q3-extractinstructions.txt 20150711_193426 0.5 559f0bc17768393544bafe7a
20150711_193355 50 1 1 20 100000 715258232 3179 10000 6821 0 0 3179 0 0 0 0 0 0 0 10000 90 0 1000 6 17.507 2.512 ../q3/./log/doc50cop1shlf1lif20_af0s1tTOTAL_gf10000i90d0m1000_seed715258232.log 1308693 q3-extractinstructions.txt 20150711_193427 0.5 559f0bc17768393544bafe79
20150711_193402 50 1 1 30 100000 103765041 2461 10000 7539 0 0 2461 0 0 0 0 0 0 0 10000 90 0 1000 8 13.029 1.935 ../q3/./log/doc50cop1shlf1lif30_af0s1tTOTAL_gf10000i90d0m1000_seed103765041.log 1007545 q3-extractinstructions.txt 20150711_193428 0.5 559f0bc17768393544bafee5
20150711_193400 50 1 1 30 100000 919028296 3183 10000 6817 0 0 3183 0 0 0 0 0 0 0 10000 90 0 1000 15 17.091 2.434 ../q3/./log/doc50cop1shlf1lif30_af0s1tTOTAL_gf10000i90d0m1000_seed919028296.log 1317390 q3-extractinstructions.txt 20150711_193431 0.5 559f0bc17768393544bafee4
20150711_193413 50 1 1 30 100000 141246882 1650 10000 8350 0 0 1650 0 0 0 0 0 0 0 10000 90 0 1000 1 9.085 1.326 ../q3/./log/doc50cop1shlf1lif30_af0s1tTOTAL_gf10000i90d0m1000_seed141246882.log 672215 q3-extractinstructions.txt 20150711_193433 0.5 559f0bc17768393544bafee6
20150711_193417 50 1 1 30 100000 681028781 2280 10000 7720 0 0 2280 0 0 0 0 0 0 0 10000 90 0 1000 6 13.672 1.716 ../q3/./log/doc50cop1shlf1lif30_af0s1tTOTAL_gf10000i90d0m1000_seed681028781.log 921134 q3-extractinstructions.txt 20150711_193441 0.5 559f0bc17768393544bafee7
20150711_193431 50 1 1 30 100000 105731136 1982 10000 8018 0 0 1982 0 0 0 0 0 0 0 10000 90 0 1000 5 9.246 1.919 ../q3/./log/doc50cop1shlf1lif30_af0s1tTOTAL_gf10000i90d0m1000_seed105731136.log 807362 q3-extractinstructions.txt 20150711_193451 0.5 559f0bc17768393544bafee9
20150711_193429 50 1 1 30 100000 117661523 1964 10000 8036 0 0 1964 0 0 0 0 0 0 0 10000 90 0 1000 5 9.905 1.795 ../q3/./log/doc50cop1shlf1lif30_af0s1tTOTAL_gf10000i90d0m1000_seed117661523.log 801208 q3-extractinstructions.txt 20150711_193449 0.5 559f0bc17768393544bafee8
20150711_193434 50 1 1 30 100000 967561224 1896 10000 8104 0 0 1896 0 0 0 0 0 0 0 10000 90 0 1000 3 8.408 1.809 ../q3/./log/doc50cop1shlf1lif30_af0s1tTOTAL_gf10000i90d0m1000_seed967561224.log 774794 q3-extractinstructions.txt 20150711_193454 0.5 559f0bc17768393544bafeea
20150711_193445 50 1 1 30 100000 420477893 2007 10000 7993 0 0 2007 0 0 0 0 0 0 0 10000 90 0 1000 4 13.092 1.717 ../q3/./log/doc50cop1shlf1lif30_af0s1tTOTAL_gf10000i90d0m1000_seed420477893.log 819728 q3-extractinstructions.txt 20150711_193507 0.5 559f0bc17768393544bafeeb
20150711_193448 50 1 1 30 100000 263688301 2546 10000 7454 0 0 2546 0 0 0 0 0 0 0 10000 90 0 1000 10 13.690 2.34 ../q3/./log/doc50cop1shlf1lif30_af0s1tTOTAL_gf10000i90d0m1000_seed263688301.log 1046244 q3-extractinstructions.txt 20150711_193514 0.5 559f0bc17768393544bafeec
20150711_193451 50 1 1 30 100000 50746969 2622 10000 7378 0 0 2622 0 0 0 0 0 0 0 10000 90 0 1000 10 12.000 2.512 ../q3/./log/doc50cop1shlf1lif30_af0s1tTOTAL_gf10000i90d0m1000_seed50746969.log 1075719 q3-extractinstructions.txt 20150711_193516 0.5 559f0bc17768393544bafeed
20150711_193455 50 1 1 30 100000 711283608 2207 10000 7793 0 0 2207 0 0 0 0 0 0 0 10000 90 0 1000 6 9.919 2.013 ../q3/./log/doc50cop1shlf1lif30_af0s1tTOTAL_gf10000i90d0m1000_seed711283608.log 904585 q3-extractinstructions.txt 20150711_193517 0.5 559f0bc17768393544bafeef
20150711_193457 50 1 1 30 100000 597296547 2108 10000 7892 0 0 2108 0 0 0 0 0 0 0 10000 90 0 1000 5 8.949 1.903 ../q3/./log/doc50cop1shlf1lif30_af0s1tTOTAL_gf10000i90d0m1000_seed597296547.log 859937 q3-extractinstructions.txt 20150711_193519 0.5 559f0bc17768393544bafef0
20150711_193455 50 1 1 30 100000 533657980 2505 10000 7495 0 0 2505 0 0 0 0 0 0 0 10000 90 0 1000 8 10.947 2.403 ../q3/./log/doc50cop1shlf1lif30_af0s1tTOTAL_gf10000i90d0m1000_seed533657980.log 1029337 q3-extractinstructions.txt 20150711_193519 0.5 559f0bc17768393544bafeee
20150711_193511 50 1 1 30 100000 258760793 1943 10000 8057 0 0 1943 0 0 0 0 0 0 0 10000 90 0 1000 3 12.197 1.544 ../q3/./log/doc50cop1shlf1lif30_af0s1tTOTAL_gf10000i90d0m1000_seed258760793.log 785442 q3-extractinstructions.txt 20150711_193534 0.5 559f0bc17768393544bafef2
20150711_193516 50 1 1 30 100000 666549275 2213 10000 7787 0 0 2213 0 0 0 0 0 0 0 10000 90 0 1000 5 10.030 1.919 ../q3/./log/doc50cop1shlf1lif30_af0s1tTOTAL_gf10000i90d0m1000_seed666549275.log 892340 q3-extractinstructions.txt 20150711_193538 0.5 559f0bc17768393544bafef3
20150711_193508 50 1 1 30 100000 664375964 3067 10000 6933 0 0 3067 0 0 0 0 0 0 0 10000 90 0 1000 14 17.751 2.512 ../q3/./log/doc50cop1shlf1lif30_af0s1tTOTAL_gf10000i90d0m1000_seed664375964.log 1252035 q3-extractinstructions.txt 20150711_193540 0.5 559f0bc17768393544bafef1
20150711_193525 50 1 1 30 100000 376517787 2392 10000 7608 0 0 2392 0 0 0 0 0 0 0 10000 90 0 1000 8 14.494 1.981 ../q3/./log/doc50cop1shlf1lif30_af0s1tTOTAL_gf10000i90d0m1000_seed376517787.log 971397 q3-extractinstructions.txt 20150711_193550 0.5 559f0bc17768393544bafef4
20150711_193527 50 1 1 30 100000 817713633 2642 10000 7358 0 0 2642 0 0 0 0 0 0 0 10000 90 0 1000 11 14.797 2.745 ../q3/./log/doc50cop1shlf1lif30_af0s1tTOTAL_gf10000i90d0m1000_seed817713633.log 1089849 q3-extractinstructions.txt 20150711_193555 0.5 559f0bc17768393544bafef5
20150711_193529 50 1 1 30 100000 519606501 2514 10000 7486 0 0 2514 0 0 0 0 0 0 0 10000 90 0 1000 10 13.516 2.433 ../q3/./log/doc50cop1shlf1lif30_af0s1tTOTAL_gf10000i90d0m1000_seed519606501.log 1032421 q3-extractinstructions.txt 20150711_193556 0.5 559f0bc17768393544bafef6
20150711_193537 50 1 1 50 100000 919028296 1749 10000 8251 0 0 1749 0 0 0 0 0 0 0 10000 90 0 1000 11 7.719 1.623 ../q3/./log/doc50cop1shlf1lif50_af0s1tTOTAL_gf10000i90d0m1000_seed919028296.log 712172 q3-extractinstructions.txt 20150711_193557 0.5 559f0bc17768393544baff62
20150711_193535 50 1 1 30 100000 792850679 2185 10000 7815 0 0 2185 0 0 0 0 0 0 0 10000 90 0 1000 5 10.001 1.919 ../q3/./log/doc50cop1shlf1lif30_af0s1tTOTAL_gf10000i90d0m1000_seed792850679.log 884332 q3-extractinstructions.txt 20150711_193558 0.5 559f0bc17768393544bafef8
20150711_193532 50 1 1 30 100000 715258232 2423 10000 7577 0 0 2423 0 0 0 0 0 0 0 10000 90 0 1000 7 11.912 2.153 ../q3/./log/doc50cop1shlf1lif30_af0s1tTOTAL_gf10000i90d0m1000_seed715258232.log 980435 q3-extractinstructions.txt 20150711_193558 0.5 559f0bc17768393544bafef7
20150711_193554 50 1 1 50 100000 141246882 1024 10000 8976 0 0 1024 0 0 0 0 0 0 0 10000 90 0 1000 1 7.531 0.64 ../q3/./log/doc50cop1shlf1lif50_af0s1tTOTAL_gf10000i90d0m1000_seed141246882.log 415895 q3-extractinstructions.txt 20150711_193609 0.5 559f0bc17768393544baff64
20150711_193548 50 1 1 50 100000 103765041 1817 10000 8183 0 0 1817 0 0 0 0 0 0 0 10000 90 0 1000 12 14.182 1.263 ../q3/./log/doc50cop1shlf1lif50_af0s1tTOTAL_gf10000i90d0m1000_seed103765041.log 742602 q3-extractinstructions.txt 20150711_193613 0.5 559f0bc17768393544baff63
20150711_193557 50 1 1 50 100000 681028781 1688 10000 8312 0 0 1688 0 0 0 0 0 0 0 10000 90 0 1000 10 7.419 1.373 ../q3/./log/doc50cop1shlf1lif50_af0s1tTOTAL_gf10000i90d0m1000_seed681028781.log 686269 q3-extractinstructions.txt 20150711_193615 0.5 559f0bc17768393544baff65
20150711_193605 50 1 1 50 100000 117661523 1167 10000 8833 0 0 1167 0 0 0 0 0 0 0 10000 90 0 1000 3 8.203 0.92 ../q3/./log/doc50cop1shlf1lif50_af0s1tTOTAL_gf10000i90d0m1000_seed117661523.log 471895 q3-extractinstructions.txt 20150711_193622 0.5 559f0bc17768393544baff66
20150711_193607 50 1 1 50 100000 105731136 1485 10000 8515 0 0 1485 0 0 0 0 0 0 0 10000 90 0 1000 8 10.745 1.169 ../q3/./log/doc50cop1shlf1lif50_af0s1tTOTAL_gf10000i90d0m1000_seed105731136.log 604350 q3-extractinstructions.txt 20150711_193627 0.5 559f0bc17768393544baff67
20150711_193610 50 1 1 50 100000 967561224 1174 10000 8826 0 0 1174 0 0 0 0 0 0 0 10000 90 0 1000 3 8.326 1.015 ../q3/./log/doc50cop1shlf1lif50_af0s1tTOTAL_gf10000i90d0m1000_seed967561224.log 479079 q3-extractinstructions.txt 20150711_193627 0.5 559f0bc17768393544baff68
20150711_193613 50 1 1 50 100000 420477893 1489 10000 8511 0 0 1489 0 0 0 0 0 0 0 10000 90 0 1000 7 10.146 1.278 ../q3/./log/doc50cop1shlf1lif50_af0s1tTOTAL_gf10000i90d0m1000_seed420477893.log 610702 q3-extractinstructions.txt 20150711_193632 0.5 559f0bc17768393544baff69
20150711_193615 50 1 1 50 100000 263688301 1540 10000 8460 0 0 1540 0 0 0 0 0 0 0 10000 90 0 1000 8 10.136 1.388 ../q3/./log/doc50cop1shlf1lif50_af0s1tTOTAL_gf10000i90d0m1000_seed263688301.log 624424 q3-extractinstructions.txt 20150711_193634 0.5 559f0bc17768393544baff6a
20150711_193618 50 1 1 50 100000 533657980 1508 10000 8492 0 0 1508 0 0 0 0 0 0 0 10000 90 0 1000 7 9.647 1.169 ../q3/./log/doc50cop1shlf1lif50_af0s1tTOTAL_gf10000i90d0m1000_seed533657980.log 617190 q3-extractinstructions.txt 20150711_193639 0.5 559f0bc17768393544baff6c
20150711_193616 50 1 1 50 100000 50746969 1768 10000 8232 0 0 1768 0 0 0 0 0 0 0 10000 90 0 1000 11 11.238 1.452 ../q3/./log/doc50cop1shlf1lif50_af0s1tTOTAL_gf10000i90d0m1000_seed50746969.log 723560 q3-extractinstructions.txt 20150711_193639 0.5 559f0bc17768393544baff6b
20150711_193622 50 1 1 50 100000 711283608 1483 10000 8517 0 0 1483 0 0 0 0 0 0 0 10000 90 0 1000 8 8.303 1.108 ../q3/./log/doc50cop1shlf1lif50_af0s1tTOTAL_gf10000i90d0m1000_seed711283608.log 606321 q3-extractinstructions.txt 20150711_193640 0.5 559f0bc17768393544baff6d
20150711_193632 50 1 1 50 100000 597296547 1157 10000 8843 0 0 1157 0 0 0 0 0 0 0 10000 90 0 1000 3 7.935 0.904 ../q3/./log/doc50cop1shlf1lif50_af0s1tTOTAL_gf10000i90d0m1000_seed597296547.log 473676 q3-extractinstructions.txt 20150711_193648 0.5 559f0bc17768393544baff6e
20150711_193636 50 1 1 50 100000 664375964 1395 10000 8605 0 0 1395 0 0 0 0 0 0 0 10000 90 0 1000 6 6.554 1.201 ../q3/./log/doc50cop1shlf1lif50_af0s1tTOTAL_gf10000i90d0m1000_seed664375964.log 566568 q3-extractinstructions.txt 20150711_193652 0.5 559f0bc17768393544baff6f
20150711_193647 50 1 1 50 100000 258760793 1264 10000 8736 0 0 1264 0 0 0 0 0 0 0 10000 90 0 1000 4 7.046 0.811 ../q3/./log/doc50cop1shlf1lif50_af0s1tTOTAL_gf10000i90d0m1000_seed258760793.log 516314 q3-extractinstructions.txt 20150711_193703 0.5 559f0bc17768393544baff70
20150711_193649 50 1 1 50 100000 666549275 1514 10000 8486 0 0 1514 0 0 0 0 0 0 0 10000 90 0 1000 7 7.748 1.295 ../q3/./log/doc50cop1shlf1lif50_af0s1tTOTAL_gf10000i90d0m1000_seed666549275.log 611727 q3-extractinstructions.txt 20150711_193707 0.5 559f0bc17768393544baff71
20150711_193652 50 1 1 50 100000 376517787 1205 10000 8795 0 0 1205 0 0 0 0 0 0 0 10000 90 0 1000 4 6.296 1.014 ../q3/./log/doc50cop1shlf1lif50_af0s1tTOTAL_gf10000i90d0m1000_seed376517787.log 489604 q3-extractinstructions.txt 20150711_193708 0.5 559f0bc17768393544baff72
20150711_193653 50 1 1 50 100000 817713633 1450 10000 8550 0 0 1450 0 0 0 0 0 0 0 10000 90 0 1000 6 7.943 1.232 ../q3/./log/doc50cop1shlf1lif50_af0s1tTOTAL_gf10000i90d0m1000_seed817713633.log 592076 q3-extractinstructions.txt 20150711_193711 0.5 559f0bc17768393544baff73
20150711_193655 50 1 1 50 100000 519606501 1688 10000 8312 0 0 1688 0 0 0 0 0 0 0 10000 90 0 1000 10 10.726 1.498 ../q3/./log/doc50cop1shlf1lif50_af0s1tTOTAL_gf10000i90d0m1000_seed519606501.log 690200 q3-extractinstructions.txt 20150711_193715 0.5 559f0bc17768393544baff74
20150711_193703 50 1 1 100 100000 919028296 763 10000 9237 0 0 763 0 0 0 0 0 0 0 10000 90 0 1000 7 6.671 0.484 ../q3/./log/doc50cop1shlf1lif100_af0s1tTOTAL_gf10000i90d0m1000_seed919028296.log 316501 q3-extractinstructions.txt 20150711_193717 0.5 559f0bc17768393544baffe0
20150711_193658 50 1 1 50 100000 715258232 1632 10000 8368 0 0 1632 0 0 0 0 0 0 0 10000 90 0 1000 9 11.453 1.341 ../q3/./log/doc50cop1shlf1lif50_af0s1tTOTAL_gf10000i90d0m1000_seed715258232.log 664736 q3-extractinstructions.txt 20150711_193719 0.5 559f0bc17768393544baff75
20150711_193705 50 1 1 100 100000 103765041 905 10000 9095 0 0 905 0 0 0 0 0 0 0 10000 90 0 1000 10 5.961 0.78 ../q3/./log/doc50cop1shlf1lif100_af0s1tTOTAL_gf10000i90d0m1000_seed103765041.log 370202 q3-extractinstructions.txt 20150711_193720 0.5 559f0bc17768393544baffe1
20150711_193700 50 1 1 50 100000 792850679 1655 10000 8345 0 0 1655 0 0 0 0 0 0 0 10000 90 0 1000 9 11.015 1.201 ../q3/./log/doc50cop1shlf1lif50_af0s1tTOTAL_gf10000i90d0m1000_seed792850679.log 674497 q3-extractinstructions.txt 20150711_193722 0.5 559f0bc17768393544baff76
20150711_193717 50 1 1 100 100000 141246882 562 10000 9438 0 0 562 0 0 0 0 0 0 0 10000 90 0 1000 2 5.214 0.312 ../q3/./log/doc50cop1shlf1lif100_af0s1tTOTAL_gf10000i90d0m1000_seed141246882.log 233733 q3-extractinstructions.txt 20150711_193730 0.5 559f0bc17768393544baffe2
20150711_193720 50 1 1 100 100000 681028781 771 10000 9229 0 0 771 0 0 0 0 0 0 0 10000 90 0 1000 8 5.149 0.702 ../q3/./log/doc50cop1shlf1lif100_af0s1tTOTAL_gf10000i90d0m1000_seed681028781.log 321471 q3-extractinstructions.txt 20150711_193733 0.5 559f0bc17768393544baffe3
20150711_193722 50 1 1 100 100000 117661523 711 10000 9289 0 0 711 0 0 0 0 0 0 0 10000 90 0 1000 5 4.967 0.686 ../q3/./log/doc50cop1shlf1lif100_af0s1tTOTAL_gf10000i90d0m1000_seed117661523.log 291145 q3-extractinstructions.txt 20150711_193735 0.5 559f0bc17768393544baffe4
20150711_193723 50 1 1 100 100000 105731136 689 10000 9311 0 0 689 0 0 0 0 0 0 0 10000 90 0 1000 6 4.312 0.718 ../q3/./log/doc50cop1shlf1lif100_af0s1tTOTAL_gf10000i90d0m1000_seed105731136.log 285250 q3-extractinstructions.txt 20150711_193735 0.5 559f0bc17768393544baffe5
20150711_193726 50 1 1 100 100000 967561224 577 10000 9423 0 0 577 0 0 0 0 0 0 0 10000 90 0 1000 3 4.332 0.421 ../q3/./log/doc50cop1shlf1lif100_af0s1tTOTAL_gf10000i90d0m1000_seed967561224.log 242816 q3-extractinstructions.txt 20150711_193737 0.5 559f0bc17768393544baffe6
20150711_193727 50 1 1 100 100000 420477893 657 10000 9343 0 0 657 0 0 0 0 0 0 0 10000 90 0 1000 5 4.471 0.468 ../q3/./log/doc50cop1shlf1lif100_af0s1tTOTAL_gf10000i90d0m1000_seed420477893.log 271871 q3-extractinstructions.txt 20150711_193740 0.5 559f0bc17768393544baffe7
20150711_193730 50 1 1 100 100000 263688301 705 10000 9295 0 0 705 0 0 0 0 0 0 0 10000 90 0 1000 7 5.825 0.624 ../q3/./log/doc50cop1shlf1lif100_af0s1tTOTAL_gf10000i90d0m1000_seed263688301.log 291122 q3-extractinstructions.txt 20150711_193743 0.5 559f0bc17768393544baffe8
20150711_193731 50 1 1 100 100000 50746969 772 10000 9228 0 0 772 0 0 0 0 0 0 0 10000 90 0 1000 8 6.141 0.608 ../q3/./log/doc50cop1shlf1lif100_af0s1tTOTAL_gf10000i90d0m1000_seed50746969.log 316653 q3-extractinstructions.txt 20150711_193745 0.5 559f0bc17768393544baffe9
20150711_193735 50 1 1 100 100000 533657980 765 10000 9235 0 0 765 0 0 0 0 0 0 0 10000 90 0 1000 7 5.651 0.453 ../q3/./log/doc50cop1shlf1lif100_af0s1tTOTAL_gf10000i90d0m1000_seed533657980.log 319327 q3-extractinstructions.txt 20150711_193747 0.5 559f0bc17768393544baffea
20150711_193737 50 1 1 100 100000 711283608 642 10000 9358 0 0 642 0 0 0 0 0 0 0 10000 90 0 1000 5 5.051 0.53 ../q3/./log/doc50cop1shlf1lif100_af0s1tTOTAL_gf10000i90d0m1000_seed711283608.log 265368 q3-extractinstructions.txt 20150711_193749 0.5 559f0bc17768393544baffeb
20150711_193739 50 1 1 100 100000 597296547 750 10000 9250 0 0 750 0 0 0 0 0 0 0 10000 90 0 1000 8 5.089 0.531 ../q3/./log/doc50cop1shlf1lif100_af0s1tTOTAL_gf10000i90d0m1000_seed597296547.log 312607 q3-extractinstructions.txt 20150711_193751 0.5 559f0bc17768393544baffec
20150711_193740 50 1 1 100 100000 664375964 905 10000 9095 0 0 905 0 0 0 0 0 0 0 10000 90 0 1000 11 4.866 0.686 ../q3/./log/doc50cop1shlf1lif100_af0s1tTOTAL_gf10000i90d0m1000_seed664375964.log 377055 q3-extractinstructions.txt 20150711_193753 0.5 559f0bc17768393544baffed
20150711_193752 50 1 1 100 100000 258760793 653 10000 9347 0 0 653 0 0 0 0 0 0 0 10000 90 0 1000 4 3.605 0.405 ../q3/./log/doc50cop1shlf1lif100_af0s1tTOTAL_gf10000i90d0m1000_seed258760793.log 270106 q3-extractinstructions.txt 20150711_193803 0.5 559f0bc17768393544baffee
20150711_193754 50 1 1 100 100000 666549275 886 10000 9114 0 0 886 0 0 0 0 0 0 0 10000 90 0 1000 10 4.235 0.764 ../q3/./log/doc50cop1shlf1lif100_af0s1tTOTAL_gf10000i90d0m1000_seed666549275.log 364996 q3-extractinstructions.txt 20150711_193806 0.5 559f0bc17768393544baffef
20150711_193757 50 1 1 100 100000 376517787 671 10000 9329 0 0 671 0 0 0 0 0 0 0 10000 90 0 1000 5 3.655 0.499 ../q3/./log/doc50cop1shlf1lif100_af0s1tTOTAL_gf10000i90d0m1000_seed376517787.log 269963 q3-extractinstructions.txt 20150711_193808 0.5 559f0bc17768393544bafff0
20150711_193759 50 1 1 100 100000 817713633 781 10000 9219 0 0 781 0 0 0 0 0 0 0 10000 90 0 1000 8 4.500 0.608 ../q3/./log/doc50cop1shlf1lif100_af0s1tTOTAL_gf10000i90d0m1000_seed817713633.log 323429 q3-extractinstructions.txt 20150711_193811 0.5 559f0bc17768393544bafff1
20150711_193801 50 1 1 100 100000 519606501 710 10000 9290 0 0 710 0 0 0 0 0 0 0 10000 90 0 1000 5 4.161 0.562 ../q3/./log/doc50cop1shlf1lif100_af0s1tTOTAL_gf10000i90d0m1000_seed519606501.log 290618 q3-extractinstructions.txt 20150711_193812 0.5 559f0bc17768393544bafff2
20150711_193803 50 1 1 100 100000 715258232 789 10000 9211 0 0 789 0 0 0 0 0 0 0 10000 90 0 1000 8 4.636 0.561 ../q3/./log/doc50cop1shlf1lif100_af0s1tTOTAL_gf10000i90d0m1000_seed715258232.log 327784 q3-extractinstructions.txt 20150711_193815 0.5 559f0bc17768393544bafff3
20150711_193805 50 1 1 100 100000 792850679 678 10000 9322 0 0 678 0 0 0 0 0 0 0 10000 90 0 1000 4 4.402 0.624 ../q3/./log/doc50cop1shlf1lif100_af0s1tTOTAL_gf10000i90d0m1000_seed792850679.log 277750 q3-extractinstructions.txt 20150711_193817 0.5 559f0bc17768393544bafff4
20150711_193808 50 1 1 200 100000 919028296 392 10000 9608 0 0 392 0 0 0 0 0 0 0 10000 90 0 1000 9 3.527 0.265 ../q3/./log/doc50cop1shlf1lif200_af0s1tTOTAL_gf10000i90d0m1000_seed919028296.log 166747 q3-extractinstructions.txt 20150711_193819 0.5 559f0bc17768393544bb005e
20150711_193810 50 1 1 200 100000 103765041 383 10000 9617 0 0 383 0 0 0 0 0 0 0 10000 90 0 1000 8 3.495 0.453 ../q3/./log/doc50cop1shlf1lif200_af0s1tTOTAL_gf10000i90d0m1000_seed103765041.log 165001 q3-extractinstructions.txt 20150711_193820 0.5 559f0bc17768393544bb005f
20150711_193812 50 1 1 200 100000 141246882 274 10000 9726 0 0 274 0 0 0 0 0 0 0 10000 90 0 1000 1 3.039 0.125 ../q3/./log/doc50cop1shlf1lif200_af0s1tTOTAL_gf10000i90d0m1000_seed141246882.log 117047 q3-extractinstructions.txt 20150711_193821 0.5 559f0bc17768393544bb0060
20150711_193814 50 1 1 200 100000 681028781 396 10000 9604 0 0 396 0 0 0 0 0 0 0 10000 90 0 1000 10 3.556 0.375 ../q3/./log/doc50cop1shlf1lif200_af0s1tTOTAL_gf10000i90d0m1000_seed681028781.log 171829 q3-extractinstructions.txt 20150711_193824 0.5 559f0bc17768393544bb0061
20150711_193816 50 1 1 200 100000 117661523 327 10000 9673 0 0 327 0 0 0 0 0 0 0 10000 90 0 1000 5 3.159 0.328 ../q3/./log/doc50cop1shlf1lif200_af0s1tTOTAL_gf10000i90d0m1000_seed117661523.log 141062 q3-extractinstructions.txt 20150711_193826 0.5 559f0bc17768393544bb0062
20150711_193819 50 1 1 200 100000 105731136 356 10000 9644 0 0 356 0 0 0 0 0 0 0 10000 90 0 1000 7 3.234 0.296 ../q3/./log/doc50cop1shlf1lif200_af0s1tTOTAL_gf10000i90d0m1000_seed105731136.log 151245 q3-extractinstructions.txt 20150711_193829 0.5 559f0bc17768393544bb0063
20150711_193820 50 1 1 200 100000 967561224 333 10000 9667 0 0 333 0 0 0 0 0 0 0 10000 90 0 1000 4 2.999 0.265 ../q3/./log/doc50cop1shlf1lif200_af0s1tTOTAL_gf10000i90d0m1000_seed967561224.log 142957 q3-extractinstructions.txt 20150711_193830 0.5 559f0bc17768393544bb0064
20150711_193823 50 1 1 200 100000 420477893 277 10000 9723 0 0 277 0 0 0 0 0 0 0 10000 90 0 1000 3 3.003 0.311 ../q3/./log/doc50cop1shlf1lif200_af0s1tTOTAL_gf10000i90d0m1000_seed420477893.log 120802 q3-extractinstructions.txt 20150711_193832 0.5 559f0bc17768393544bb0065
20150711_193825 50 1 1 200 100000 263688301 311 10000 9689 0 0 311 0 0 0 0 0 0 0 10000 90 0 1000 6 2.767 0.28 ../q3/./log/doc50cop1shlf1lif200_af0s1tTOTAL_gf10000i90d0m1000_seed263688301.log 134859 q3-extractinstructions.txt 20150711_193834 0.5 559f0bc17768393544bb0066
20150711_193827 50 1 1 200 100000 50746969 427 10000 9573 0 0 427 0 0 0 0 0 0 0 10000 90 0 1000 11 3.461 0.295 ../q3/./log/doc50cop1shlf1lif200_af0s1tTOTAL_gf10000i90d0m1000_seed50746969.log 183893 q3-extractinstructions.txt 20150711_193837 0.5 559f0bc17768393544bb0067
20150711_193829 50 1 1 200 100000 533657980 355 10000 9645 0 0 355 0 0 0 0 0 0 0 10000 90 0 1000 6 3.122 0.327 ../q3/./log/doc50cop1shlf1lif200_af0s1tTOTAL_gf10000i90d0m1000_seed533657980.log 153441 q3-extractinstructions.txt 20150711_193839 0.5 559f0bc17768393544bb0068
20150711_193831 50 1 1 200 100000 711283608 323 10000 9677 0 0 323 0 0 0 0 0 0 0 10000 90 0 1000 5 3.060 0.218 ../q3/./log/doc50cop1shlf1lif200_af0s1tTOTAL_gf10000i90d0m1000_seed711283608.log 137319 q3-extractinstructions.txt 20150711_193841 0.5 559f0bc17768393544bb0069
20150711_193833 50 1 1 200 100000 597296547 300 10000 9700 0 0 300 0 0 0 0 0 0 0 10000 90 0 1000 3 2.743 0.249 ../q3/./log/doc50cop1shlf1lif200_af0s1tTOTAL_gf10000i90d0m1000_seed597296547.log 129973 q3-extractinstructions.txt 20150711_193842 0.5 559f0bc17768393544bb006a
20150711_193835 50 1 1 200 100000 664375964 280 10000 9720 0 0 280 0 0 0 0 0 0 0 10000 90 0 1000 3 3.031 0.187 ../q3/./log/doc50cop1shlf1lif200_af0s1tTOTAL_gf10000i90d0m1000_seed664375964.log 122735 q3-extractinstructions.txt 20150711_193845 0.5 559f0bc17768393544bb006b
20150711_193838 50 1 1 200 100000 258760793 317 10000 9683 0 0 317 0 0 0 0 0 0 0 10000 90 0 1000 4 2.996 0.234 ../q3/./log/doc50cop1shlf1lif200_af0s1tTOTAL_gf10000i90d0m1000_seed258760793.log 136046 q3-extractinstructions.txt 20150711_193848 0.5 559f0bc17768393544bb006c
20150711_193840 50 1 1 200 100000 666549275 449 10000 9551 0 0 449 0 0 0 0 0 0 0 10000 90 0 1000 11 3.493 0.359 ../q3/./log/doc50cop1shlf1lif200_af0s1tTOTAL_gf10000i90d0m1000_seed666549275.log 193141 q3-extractinstructions.txt 20150711_193850 0.5 559f0bc17768393544bb006d
20150711_193842 50 1 1 200 100000 376517787 371 10000 9629 0 0 371 0 0 0 0 0 0 0 10000 90 0 1000 7 3.211 0.281 ../q3/./log/doc50cop1shlf1lif200_af0s1tTOTAL_gf10000i90d0m1000_seed376517787.log 155538 q3-extractinstructions.txt 20150711_193852 0.5 559f0bc17768393544bb006e
20150711_193844 50 1 1 200 100000 817713633 292 10000 9708 0 0 292 0 0 0 0 0 0 0 10000 90 0 1000 4 2.767 0.25 ../q3/./log/doc50cop1shlf1lif200_af0s1tTOTAL_gf10000i90d0m1000_seed817713633.log 130052 q3-extractinstructions.txt 20150711_193853 0.5 559f0bc17768393544bb006f
20150711_193846 50 1 1 200 100000 519606501 542 10000 9458 0 0 542 0 0 0 0 0 0 0 10000 90 0 1000 16 3.641 0.483 ../q3/./log/doc50cop1shlf1lif200_af0s1tTOTAL_gf10000i90d0m1000_seed519606501.log 230178 q3-extractinstructions.txt 20150711_193857 0.5 559f0bc17768393544bb0070
20150711_193848 50 1 1 200 100000 715258232 412 10000 9588 0 0 412 0 0 0 0 0 0 0 10000 90 0 1000 10 3.484 0.529 ../q3/./log/doc50cop1shlf1lif200_af0s1tTOTAL_gf10000i90d0m1000_seed715258232.log 174775 q3-extractinstructions.txt 20150711_193859 0.5 559f0bc17768393544bb0071
20150711_193851 50 1 1 200 100000 792850679 418 10000 9582 0 0 418 0 0 0 0 0 0 0 10000 90 0 1000 7 3.463 0.28 ../q3/./log/doc50cop1shlf1lif200_af0s1tTOTAL_gf10000i90d0m1000_seed792850679.log 175425 q3-extractinstructions.txt 20150711_193901 0.5 559f0bc17768393544bb0072
20150711_193853 50 1 1 300 100000 919028296 246 10000 9754 0 0 246 0 0 0 0 0 0 0 10000 90 0 1000 8 2.606 0.172 ../q3/./log/doc50cop1shlf1lif300_af0s1tTOTAL_gf10000i90d0m1000_seed919028296.log 110003 q3-extractinstructions.txt 20150711_193902 0.5 559f0bc17768393544bb00dc
20150711_193855 50 1 1 300 100000 103765041 232 10000 9768 0 0 232 0 0 0 0 0 0 0 10000 90 0 1000 6 3.438 0.234 ../q3/./log/doc50cop1shlf1lif300_af0s1tTOTAL_gf10000i90d0m1000_seed103765041.log 105787 q3-extractinstructions.txt 20150711_193904 0.5 559f0bc17768393544bb00dd
20150711_193857 50 1 1 300 100000 141246882 177 10000 9823 0 0 177 0 0 0 0 0 0 0 10000 90 0 1000 1 2.850 0.203 ../q3/./log/doc50cop1shlf1lif300_af0s1tTOTAL_gf10000i90d0m1000_seed141246882.log 79501 q3-extractinstructions.txt 20150711_193906 0.5 559f0bc17768393544bb00de
20150711_193900 50 1 1 300 100000 681028781 288 10000 9712 0 0 288 0 0 0 0 0 0 0 10000 90 0 1000 13 3.026 0.249 ../q3/./log/doc50cop1shlf1lif300_af0s1tTOTAL_gf10000i90d0m1000_seed681028781.log 128179 q3-extractinstructions.txt 20150711_193909 0.5 559f0bc17768393544bb00df
20150711_193902 50 1 1 300 100000 117661523 182 10000 9818 0 0 182 0 0 0 0 0 0 0 10000 90 0 1000 2 2.350 0.094 ../q3/./log/doc50cop1shlf1lif300_af0s1tTOTAL_gf10000i90d0m1000_seed117661523.log 82405 q3-extractinstructions.txt 20150711_193910 0.5 559f0bc17768393544bb00e0
20150711_193904 50 1 1 300 100000 105731136 214 10000 9786 0 0 214 0 0 0 0 0 0 0 10000 90 0 1000 3 2.443 0.203 ../q3/./log/doc50cop1shlf1lif300_af0s1tTOTAL_gf10000i90d0m1000_seed105731136.log 94177 q3-extractinstructions.txt 20150711_193912 0.5 559f0bc17768393544bb00e1
20150711_193906 50 1 1 300 100000 967561224 206 10000 9794 0 0 206 0 0 0 0 0 0 0 10000 90 0 1000 3 2.345 0.124 ../q3/./log/doc50cop1shlf1lif300_af0s1tTOTAL_gf10000i90d0m1000_seed967561224.log 90096 q3-extractinstructions.txt 20150711_193914 0.5 559f0bc17768393544bb00e2
20150711_193908 50 1 1 300 100000 420477893 191 10000 9809 0 0 191 0 0 0 0 0 0 0 10000 90 0 1000 2 2.409 0.156 ../q3/./log/doc50cop1shlf1lif300_af0s1tTOTAL_gf10000i90d0m1000_seed420477893.log 85820 q3-extractinstructions.txt 20150711_193917 0.5 559f0bc17768393544bb00e3
20150711_193910 50 1 1 300 100000 263688301 251 10000 9749 0 0 251 0 0 0 0 0 0 0 10000 90 0 1000 7 2.547 0.125 ../q3/./log/doc50cop1shlf1lif300_af0s1tTOTAL_gf10000i90d0m1000_seed263688301.log 109177 q3-extractinstructions.txt 20150711_193919 0.5 559f0bc17768393544bb00e4
20150711_193912 50 1 1 300 100000 50746969 243 10000 9757 0 0 243 0 0 0 0 0 0 0 10000 90 0 1000 8 2.457 0.141 ../q3/./log/doc50cop1shlf1lif300_af0s1tTOTAL_gf10000i90d0m1000_seed50746969.log 108752 q3-extractinstructions.txt 20150711_193921 0.5 559f0bc17768393544bb00e5
20150711_193914 50 1 1 300 100000 533657980 273 10000 9727 0 0 273 0 0 0 0 0 0 0 10000 90 0 1000 9 2.615 0.249 ../q3/./log/doc50cop1shlf1lif300_af0s1tTOTAL_gf10000i90d0m1000_seed533657980.log 120839 q3-extractinstructions.txt 20150711_193923 0.5 559f0bc17768393544bb00e6
20150711_193917 50 1 1 300 100000 711283608 208 10000 9792 0 0 208 0 0 0 0 0 0 0 10000 90 0 1000 6 2.393 0.265 ../q3/./log/doc50cop1shlf1lif300_af0s1tTOTAL_gf10000i90d0m1000_seed711283608.log 93569 q3-extractinstructions.txt 20150711_193925 0.5 559f0bc17768393544bb00e7
20150711_193919 50 1 1 300 100000 597296547 185 10000 9815 0 0 185 0 0 0 0 0 0 0 10000 90 0 1000 3 2.281 0.156 ../q3/./log/doc50cop1shlf1lif300_af0s1tTOTAL_gf10000i90d0m1000_seed597296547.log 85599 q3-extractinstructions.txt 20150711_193927 0.5 559f0bc17768393544bb00e8
20150711_193921 50 1 1 300 100000 664375964 222 10000 9778 0 0 222 0 0 0 0 0 0 0 10000 90 0 1000 10 2.541 0.062 ../q3/./log/doc50cop1shlf1lif300_af0s1tTOTAL_gf10000i90d0m1000_seed664375964.log 100306 q3-extractinstructions.txt 20150711_193930 0.5 559f0bc17768393544bb00e9
20150711_193923 50 1 1 300 100000 258760793 218 10000 9782 0 0 218 0 0 0 0 0 0 0 10000 90 0 1000 4 2.516 0.109 ../q3/./log/doc50cop1shlf1lif300_af0s1tTOTAL_gf10000i90d0m1000_seed258760793.log 97426 q3-extractinstructions.txt 20150711_193932 0.5 559f0bc17768393544bb00ea
20150711_193925 50 1 1 300 100000 666549275 237 10000 9763 0 0 237 0 0 0 0 0 0 0 10000 90 0 1000 10 2.639 0.187 ../q3/./log/doc50cop1shlf1lif300_af0s1tTOTAL_gf10000i90d0m1000_seed666549275.log 109690 q3-extractinstructions.txt 20150711_193934 0.5 559f0bc17768393544bb00eb
20150711_193927 50 1 1 300 100000 376517787 184 10000 9816 0 0 184 0 0 0 0 0 0 0 10000 90 0 1000 3 2.274 0.141 ../q3/./log/doc50cop1shlf1lif300_af0s1tTOTAL_gf10000i90d0m1000_seed376517787.log 83604 q3-extractinstructions.txt 20150711_193936 0.5 559f0bc17768393544bb00ec
20150711_193929 50 1 1 300 100000 817713633 230 10000 9770 0 0 230 0 0 0 0 0 0 0 10000 90 0 1000 9 2.642 0.203 ../q3/./log/doc50cop1shlf1lif300_af0s1tTOTAL_gf10000i90d0m1000_seed817713633.log 108934 q3-extractinstructions.txt 20150711_193938 0.5 559f0bc17768393544bb00ed
20150711_193931 50 1 1 300 100000 519606501 348 10000 9652 0 0 348 0 0 0 0 0 0 0 10000 90 0 1000 15 2.770 0.311 ../q3/./log/doc50cop1shlf1lif300_af0s1tTOTAL_gf10000i90d0m1000_seed519606501.log 150095 q3-extractinstructions.txt 20150711_193941 0.5 559f0bc17768393544bb00ee
20150711_193934 50 1 1 300 100000 715258232 257 10000 9743 0 0 257 0 0 0 0 0 0 0 10000 90 0 1000 12 2.609 0.266 ../q3/./log/doc50cop1shlf1lif300_af0s1tTOTAL_gf10000i90d0m1000_seed715258232.log 114904 q3-extractinstructions.txt 20150711_193943 0.5 559f0bc17768393544bb00ef
20150711_193936 50 1 1 300 100000 792850679 209 10000 9791 0 0 209 0 0 0 0 0 0 0 10000 90 0 1000 5 2.306 0.172 ../q3/./log/doc50cop1shlf1lif300_af0s1tTOTAL_gf10000i90d0m1000_seed792850679.log 90895 q3-extractinstructions.txt 20150711_193944 0.5 559f0bc17768393544bb00f0
20150711_193937 50 1 1 500 100000 919028296 154 10000 9846 0 0 154 0 0 0 0 0 0 0 10000 90 0 1000 12 2.496 0.157 ../q3/./log/doc50cop1shlf1lif500_af0s1tTOTAL_gf10000i90d0m1000_seed919028296.log 75105 q3-extractinstructions.txt 20150711_193946 0.5 559f0bc17768393544bb015a
20150711_193940 50 1 1 500 100000 103765041 156 10000 9844 0 0 156 0 0 0 0 0 0 0 10000 90 0 1000 9 2.338 0.108 ../q3/./log/doc50cop1shlf1lif500_af0s1tTOTAL_gf10000i90d0m1000_seed103765041.log 75388 q3-extractinstructions.txt 20150711_193948 0.5 559f0bc17768393544bb015b
20150711_193942 50 1 1 500 100000 141246882 107 10000 9893 0 0 107 0 0 0 0 0 0 0 10000 90 0 1000 1 2.072 0.124 ../q3/./log/doc50cop1shlf1lif500_af0s1tTOTAL_gf10000i90d0m1000_seed141246882.log 51764 q3-extractinstructions.txt 20150711_193950 0.5 559f0bc17768393544bb015c
20150711_193944 50 1 1 500 100000 681028781 124 10000 9876 0 0 124 0 0 0 0 0 0 0 10000 90 0 1000 5 2.043 0.062 ../q3/./log/doc50cop1shlf1lif500_af0s1tTOTAL_gf10000i90d0m1000_seed681028781.log 60110 q3-extractinstructions.txt 20150711_193952 0.5 559f0bc17768393544bb015d
20150711_193946 50 1 1 500 100000 117661523 125 10000 9875 0 0 125 0 0 0 0 0 0 0 10000 90 0 1000 3 1.969 0.062 ../q3/./log/doc50cop1shlf1lif500_af0s1tTOTAL_gf10000i90d0m1000_seed117661523.log 59055 q3-extractinstructions.txt 20150711_193954 0.5 559f0bc17768393544bb015e
20150711_193948 50 1 1 500 100000 105731136 150 10000 9850 0 0 150 0 0 0 0 0 0 0 10000 90 0 1000 7 2.174 0.14 ../q3/./log/doc50cop1shlf1lif500_af0s1tTOTAL_gf10000i90d0m1000_seed105731136.log 70336 q3-extractinstructions.txt 20150711_193956 0.5 559f0bc17768393544bb015f
20150711_193950 50 1 1 500 100000 967561224 188 10000 9812 0 0 188 0 0 0 0 0 0 0 10000 90 0 1000 9 2.186 0.14 ../q3/./log/doc50cop1shlf1lif500_af0s1tTOTAL_gf10000i90d0m1000_seed967561224.log 86044 q3-extractinstructions.txt 20150711_193959 0.5 559f0bc17768393544bb0160
20150711_193952 50 1 1 500 100000 420477893 151 10000 9849 0 0 151 0 0 0 0 0 0 0 10000 90 0 1000 8 2.151 0.125 ../q3/./log/doc50cop1shlf1lif500_af0s1tTOTAL_gf10000i90d0m1000_seed420477893.log 71013 q3-extractinstructions.txt 20150711_194001 0.5 559f0bc17768393544bb0161
20150711_193955 50 1 1 500 100000 263688301 131 10000 9869 0 0 131 0 0 0 0 0 0 0 10000 90 0 1000 8 2.072 0.078 ../q3/./log/doc50cop1shlf1lif500_af0s1tTOTAL_gf10000i90d0m1000_seed263688301.log 62982 q3-extractinstructions.txt 20150711_194003 0.5 559f0bc17768393544bb0162
20150711_193957 50 1 1 500 100000 50746969 122 10000 9878 0 0 122 0 0 0 0 0 0 0 10000 90 0 1000 9 2.116 0.124 ../q3/./log/doc50cop1shlf1lif500_af0s1tTOTAL_gf10000i90d0m1000_seed50746969.log 61587 q3-extractinstructions.txt 20150711_194005 0.5 559f0bc17768393544bb0163
20150711_193959 50 1 1 500 100000 533657980 137 10000 9863 0 0 137 0 0 0 0 0 0 0 10000 90 0 1000 9 2.142 0.124 ../q3/./log/doc50cop1shlf1lif500_af0s1tTOTAL_gf10000i90d0m1000_seed533657980.log 66541 q3-extractinstructions.txt 20150711_194007 0.5 559f0bc17768393544bb0164
20150711_194001 50 1 1 500 100000 711283608 113 10000 9887 0 0 113 0 0 0 0 0 0 0 10000 90 0 1000 4 2.104 0.093 ../q3/./log/doc50cop1shlf1lif500_af0s1tTOTAL_gf10000i90d0m1000_seed711283608.log 54831 q3-extractinstructions.txt 20150711_194009 0.5 559f0bc17768393544bb0165
20150711_194003 50 1 1 500 100000 597296547 151 10000 9849 0 0 151 0 0 0 0 0 0 0 10000 90 0 1000 6 2.116 0.14 ../q3/./log/doc50cop1shlf1lif500_af0s1tTOTAL_gf10000i90d0m1000_seed597296547.log 73740 q3-extractinstructions.txt 20150711_194011 0.5 559f0bc17768393544bb0166
20150711_194005 50 1 1 500 100000 664375964 144 10000 9856 0 0 144 0 0 0 0 0 0 0 10000 90 0 1000 8 2.098 0.125 ../q3/./log/doc50cop1shlf1lif500_af0s1tTOTAL_gf10000i90d0m1000_seed664375964.log 69738 q3-extractinstructions.txt 20150711_194014 0.5 559f0bc17768393544bb0167
20150711_194007 50 1 1 500 100000 258760793 101 10000 9899 0 0 101 0 0 0 0 0 0 0 10000 90 0 1000 1 2.014 0.11 ../q3/./log/doc50cop1shlf1lif500_af0s1tTOTAL_gf10000i90d0m1000_seed258760793.log 48659 q3-extractinstructions.txt 20150711_194015 0.5 559f0bc17768393544bb0168
20150711_194009 50 1 1 500 100000 666549275 155 10000 9845 0 0 155 0 0 0 0 0 0 0 10000 90 0 1000 10 2.139 0.187 ../q3/./log/doc50cop1shlf1lif500_af0s1tTOTAL_gf10000i90d0m1000_seed666549275.log 74827 q3-extractinstructions.txt 20150711_194018 0.5 559f0bc17768393544bb0169
20150711_194012 50 1 1 500 100000 376517787 122 10000 9878 0 0 122 0 0 0 0 0 0 0 10000 90 0 1000 7 2.095 0.125 ../q3/./log/doc50cop1shlf1lif500_af0s1tTOTAL_gf10000i90d0m1000_seed376517787.log 59912 q3-extractinstructions.txt 20150711_194020 0.5 559f0bc17768393544bb016a
20150711_194014 50 1 1 500 100000 817713633 114 10000 9886 0 0 114 0 0 0 0 0 0 0 10000 90 0 1000 5 2.065 0.156 ../q3/./log/doc50cop1shlf1lif500_af0s1tTOTAL_gf10000i90d0m1000_seed817713633.log 58415 q3-extractinstructions.txt 20150711_194022 0.5 559f0bc17768393544bb016b
20150711_194016 50 1 1 500 100000 519606501 152 10000 9848 0 0 152 0 0 0 0 0 0 0 10000 90 0 1000 8 2.203 0.109 ../q3/./log/doc50cop1shlf1lif500_af0s1tTOTAL_gf10000i90d0m1000_seed519606501.log 70989 q3-extractinstructions.txt 20150711_194024 0.5 559f0bc17768393544bb016c
20150711_194018 50 1 1 500 100000 715258232 114 10000 9886 0 0 114 0 0 0 0 0 0 0 10000 90 0 1000 5 2.021 0.047 ../q3/./log/doc50cop1shlf1lif500_af0s1tTOTAL_gf10000i90d0m1000_seed715258232.log 56557 q3-extractinstructions.txt 20150711_194026 0.5 559f0bc17768393544bb016d
20150711_194020 50 1 1 500 100000 792850679 107 10000 9893 0 0 107 0 0 0 0 0 0 0 10000 90 0 1000 1 1.944 0.046 ../q3/./log/doc50cop1shlf1lif500_af0s1tTOTAL_gf10000i90d0m1000_seed792850679.log 50334 q3-extractinstructions.txt 20150711_194028 0.5 559f0bc17768393544bb016e
20150711_194022 50 1 1 1000 100000 919028296 73 10000 9927 0 0 73 0 0 0 0 0 0 0 10000 90 0 1000 14 1.789 0.016 ../q3/./log/doc50cop1shlf1lif1000_af0s1tTOTAL_gf10000i90d0m1000_seed919028296.log 41855 q3-extractinstructions.txt 20150711_194030 0.5 559f0bc17768393544bb01d8
20150711_194024 50 1 1 1000 100000 103765041 87 10000 9913 0 0 87 0 0 0 0 0 0 0 10000 90 0 1000 6 1.978 0.093 ../q3/./log/doc50cop1shlf1lif1000_af0s1tTOTAL_gf10000i90d0m1000_seed103765041.log 46937 q3-extractinstructions.txt 20150711_194032 0.5 559f0bc17768393544bb01d9
20150711_194026 50 1 1 1000 100000 141246882 58 10000 9942 0 0 58 0 0 0 0 0 0 0 10000 90 0 1000 1 1.788 0.031 ../q3/./log/doc50cop1shlf1lif1000_af0s1tTOTAL_gf10000i90d0m1000_seed141246882.log 32370 q3-extractinstructions.txt 20150711_194034 0.5 559f0bc17768393544bb01da
20150711_194028 50 1 1 1000 100000 681028781 57 10000 9943 0 0 57 0 0 0 0 0 0 0 10000 90 0 1000 11 1.813 0.047 ../q3/./log/doc50cop1shlf1lif1000_af0s1tTOTAL_gf10000i90d0m1000_seed681028781.log 36329 q3-extractinstructions.txt 20150711_194036 0.5 559f0bc17768393544bb01db
20150711_194030 50 1 1 1000 100000 117661523 61 10000 9939 0 0 61 0 0 0 0 0 0 0 10000 90 0 1000 6 1.893 0.063 ../q3/./log/doc50cop1shlf1lif1000_af0s1tTOTAL_gf10000i90d0m1000_seed117661523.log 35350 q3-extractinstructions.txt 20150711_194038 0.5 559f0bc17768393544bb01dc
20150711_194033 50 1 1 1000 100000 105731136 68 10000 9932 0 0 68 0 0 0 0 0 0 0 10000 90 0 1000 8 1.814 0.095 ../q3/./log/doc50cop1shlf1lif1000_af0s1tTOTAL_gf10000i90d0m1000_seed105731136.log 38859 q3-extractinstructions.txt 20150711_194041 0.5 559f0bc17768393544bb01dd
20150711_194035 50 1 1 1000 100000 967561224 63 10000 9937 0 0 63 0 0 0 0 0 0 0 10000 90 0 1000 8 1.940 0.047 ../q3/./log/doc50cop1shlf1lif1000_af0s1tTOTAL_gf10000i90d0m1000_seed967561224.log 38045 q3-extractinstructions.txt 20150711_194043 0.5 559f0bc17768393544bb01de
20150711_194037 50 1 1 1000 100000 420477893 66 10000 9934 0 0 66 0 0 0 0 0 0 0 10000 90 0 1000 4 1.876 0.0 ../q3/./log/doc50cop1shlf1lif1000_af0s1tTOTAL_gf10000i90d0m1000_seed420477893.log 36700 q3-extractinstructions.txt 20150711_194045 0.5 559f0bc17768393544bb01df
20150711_194039 50 1 1 1000 100000 263688301 70 10000 9930 0 0 70 0 0 0 0 0 0 0 10000 90 0 1000 6 1.924 0.062 ../q3/./log/doc50cop1shlf1lif1000_af0s1tTOTAL_gf10000i90d0m1000_seed263688301.log 39224 q3-extractinstructions.txt 20150711_194047 0.5 559f0bc17768393544bb01e0
20150711_194041 50 1 1 1000 100000 50746969 70 10000 9930 0 0 70 0 0 0 0 0 0 0 10000 90 0 1000 6 1.895 0.015 ../q3/./log/doc50cop1shlf1lif1000_af0s1tTOTAL_gf10000i90d0m1000_seed50746969.log 38903 q3-extractinstructions.txt 20150711_194049 0.5 559f0bc17768393544bb01e1
20150711_194043 50 1 1 1000 100000 533657980 75 10000 9925 0 0 75 0 0 0 0 0 0 0 10000 90 0 1000 4 1.898 0.062 ../q3/./log/doc50cop1shlf1lif1000_af0s1tTOTAL_gf10000i90d0m1000_seed533657980.log 40612 q3-extractinstructions.txt 20150711_194051 0.5 559f0bc17768393544bb01e2
20150711_194045 50 1 1 1000 100000 711283608 60 10000 9940 0 0 60 0 0 0 0 0 0 0 10000 90 0 1000 7 1.847 0.078 ../q3/./log/doc50cop1shlf1lif1000_af0s1tTOTAL_gf10000i90d0m1000_seed711283608.log 35958 q3-extractinstructions.txt 20150711_194053 0.5 559f0bc17768393544bb01e3
20150711_194047 50 1 1 1000 100000 597296547 67 10000 9933 0 0 67 0 0 0 0 0 0 0 10000 90 0 1000 5 1.876 0.047 ../q3/./log/doc50cop1shlf1lif1000_af0s1tTOTAL_gf10000i90d0m1000_seed597296547.log 38933 q3-extractinstructions.txt 20150711_194055 0.5 559f0bc17768393544bb01e4
20150711_194050 50 1 1 1000 100000 664375964 74 10000 9926 0 0 74 0 0 0 0 0 0 0 10000 90 0 1000 9 2.098 0.062 ../q3/./log/doc50cop1shlf1lif1000_af0s1tTOTAL_gf10000i90d0m1000_seed664375964.log 40838 q3-extractinstructions.txt 20150711_194058 0.5 559f0bc17768393544bb01e5
20150711_194052 50 1 1 1000 100000 258760793 41 10000 9959 0 0 41 0 0 0 0 0 0 0 10000 90 0 1000 2 1.804 0.047 ../q3/./log/doc50cop1shlf1lif1000_af0s1tTOTAL_gf10000i90d0m1000_seed258760793.log 26653 q3-extractinstructions.txt 20150711_194100 0.5 559f0bc17768393544bb01e6
20150711_194054 50 1 1 1000 100000 666549275 79 10000 9921 0 0 79 0 0 0 0 0 0 0 10000 90 0 1000 12 1.897 0.032 ../q3/./log/doc50cop1shlf1lif1000_af0s1tTOTAL_gf10000i90d0m1000_seed666549275.log 44874 q3-extractinstructions.txt 20150711_194102 0.5 559f0bc17768393544bb01e7
20150711_194056 50 1 1 1000 100000 376517787 67 10000 9933 0 0 67 0 0 0 0 0 0 0 10000 90 0 1000 9 1.897 0.063 ../q3/./log/doc50cop1shlf1lif1000_af0s1tTOTAL_gf10000i90d0m1000_seed376517787.log 39351 q3-extractinstructions.txt 20150711_194104 0.5 559f0bc17768393544bb01e8
20150711_194058 50 1 1 1000 100000 817713633 48 10000 9952 0 0 48 0 0 0 0 0 0 0 10000 90 0 1000 6 1.834 0.062 ../q3/./log/doc50cop1shlf1lif1000_af0s1tTOTAL_gf10000i90d0m1000_seed817713633.log 31182 q3-extractinstructions.txt 20150711_194106 0.5 559f0bc17768393544bb01e9
20150711_194100 50 1 1 1000 100000 519606501 83 10000 9917 0 0 83 0 0 0 0 0 0 0 10000 90 0 1000 9 2.017 0.047 ../q3/./log/doc50cop1shlf1lif1000_af0s1tTOTAL_gf10000i90d0m1000_seed519606501.log 45605 q3-extractinstructions.txt 20150711_194108 0.5 559f0bc17768393544bb01ea
20150711_194102 50 1 1 1000 100000 715258232 43 10000 9957 0 0 43 0 0 0 0 0 0 0 10000 90 0 1000 12 1.850 0.063 ../q3/./log/doc50cop1shlf1lif1000_af0s1tTOTAL_gf10000i90d0m1000_seed715258232.log 31605 q3-extractinstructions.txt 20150711_194110 0.5 559f0bc17768393544bb01eb
20150711_194104 50 1 1 1000 100000 792850679 58 10000 9942 0 0 58 0 0 0 0 0 0 0 10000 90 0 1000 5 1.825 0.031 ../q3/./log/doc50cop1shlf1lif1000_af0s1tTOTAL_gf10000i90d0m1000_seed792850679.log 34353 q3-extractinstructions.txt 20150711_194112 0.5 559f0bc17768393544bb01ec
20150711_194107 50 1 1 2000 100000 919028296 45 10000 9955 0 0 45 0 0 0 0 0 0 0 10000 90 0 1000 7 1.803 0.032 ../q3/./log/doc50cop1shlf1lif2000_af0s1tTOTAL_gf10000i90d0m1000_seed919028296.log 29838 q3-extractinstructions.txt 20150711_194114 0.5 559f0bc27768393544bb0256
20150711_194109 50 1 1 2000 100000 103765041 40 10000 9960 0 0 40 0 0 0 0 0 0 0 10000 90 0 1000 5 1.838 0.016 ../q3/./log/doc50cop1shlf1lif2000_af0s1tTOTAL_gf10000i90d0m1000_seed103765041.log 27323 q3-extractinstructions.txt 20150711_194117 0.5 559f0bc27768393544bb0257
20150711_194111 50 1 1 2000 100000 141246882 19 10000 9981 0 0 19 0 0 0 0 0 0 0 10000 90 0 1000 1 1.679 0.016 ../q3/./log/doc50cop1shlf1lif2000_af0s1tTOTAL_gf10000i90d0m1000_seed141246882.log 17461 q3-extractinstructions.txt 20150711_194118 0.5 559f0bc27768393544bb0258
20150711_194113 50 1 1 2000 100000 681028781 29 10000 9971 0 0 29 0 0 0 0 0 0 0 10000 90 0 1000 10 2.010 0.032 ../q3/./log/doc50cop1shlf1lif2000_af0s1tTOTAL_gf10000i90d0m1000_seed681028781.log 25080 q3-extractinstructions.txt 20150711_194121 0.5 559f0bc27768393544bb0259
20150711_194115 50 1 1 2000 100000 117661523 29 10000 9971 0 0 29 0 0 0 0 0 0 0 10000 90 0 1000 6 1.881 0.03 ../q3/./log/doc50cop1shlf1lif2000_af0s1tTOTAL_gf10000i90d0m1000_seed117661523.log 22391 q3-extractinstructions.txt 20150711_194123 0.5 559f0bc27768393544bb025a
20150711_194117 50 1 1 2000 100000 105731136 40 10000 9960 0 0 40 0 0 0 0 0 0 0 10000 90 0 1000 4 1.761 0.047 ../q3/./log/doc50cop1shlf1lif2000_af0s1tTOTAL_gf10000i90d0m1000_seed105731136.log 25633 q3-extractinstructions.txt 20150711_194125 0.5 559f0bc27768393544bb025b
20150711_194119 50 1 1 2000 100000 967561224 26 10000 9974 0 0 26 0 0 0 0 0 0 0 10000 90 0 1000 5 1.758 0.031 ../q3/./log/doc50cop1shlf1lif2000_af0s1tTOTAL_gf10000i90d0m1000_seed967561224.log 21075 q3-extractinstructions.txt 20150711_194127 0.5 559f0bc27768393544bb025c
20150711_194121 50 1 1 2000 100000 420477893 27 10000 9973 0 0 27 0 0 0 0 0 0 0 10000 90 0 1000 3 1.674 0.046 ../q3/./log/doc50cop1shlf1lif2000_af0s1tTOTAL_gf10000i90d0m1000_seed420477893.log 20523 q3-extractinstructions.txt 20150711_194129 0.5 559f0bc27768393544bb025d
20150711_194123 50 1 1 2000 100000 263688301 33 10000 9967 0 0 33 0 0 0 0 0 0 0 10000 90 0 1000 11 1.755 0.031 ../q3/./log/doc50cop1shlf1lif2000_af0s1tTOTAL_gf10000i90d0m1000_seed263688301.log 26247 q3-extractinstructions.txt 20150711_194131 0.5 559f0bc27768393544bb025e
20150711_194125 50 1 1 2000 100000 50746969 32 10000 9968 0 0 32 0 0 0 0 0 0 0 10000 90 0 1000 6 1.753 0.032 ../q3/./log/doc50cop1shlf1lif2000_af0s1tTOTAL_gf10000i90d0m1000_seed50746969.log 24378 q3-extractinstructions.txt 20150711_194133 0.5 559f0bc27768393544bb025f
20150711_194128 50 1 1 2000 100000 533657980 28 10000 9972 0 0 28 0 0 0 0 0 0 0 10000 90 0 1000 8 1.700 0.016 ../q3/./log/doc50cop1shlf1lif2000_af0s1tTOTAL_gf10000i90d0m1000_seed533657980.log 23030 q3-extractinstructions.txt 20150711_194135 0.5 559f0bc27768393544bb0260
20150711_194130 50 1 1 2000 100000 711283608 27 10000 9973 0 0 27 0 0 0 0 0 0 0 10000 90 0 1000 7 1.733 0.016 ../q3/./log/doc50cop1shlf1lif2000_af0s1tTOTAL_gf10000i90d0m1000_seed711283608.log 22538 q3-extractinstructions.txt 20150711_194137 0.5 559f0bc27768393544bb0261
20150711_194132 50 1 1 2000 100000 597296547 33 10000 9967 0 0 33 0 0 0 0 0 0 0 10000 90 0 1000 1 1.745 0.031 ../q3/./log/doc50cop1shlf1lif2000_af0s1tTOTAL_gf10000i90d0m1000_seed597296547.log 23145 q3-extractinstructions.txt 20150711_194139 0.5 559f0bc27768393544bb0262
20150711_194134 50 1 1 2000 100000 664375964 25 10000 9975 0 0 25 0 0 0 0 0 0 0 10000 90 0 1000 6 1.739 0.016 ../q3/./log/doc50cop1shlf1lif2000_af0s1tTOTAL_gf10000i90d0m1000_seed664375964.log 21103 q3-extractinstructions.txt 20150711_194141 0.5 559f0bc27768393544bb0263
20150711_194136 50 1 1 2000 100000 258760793 24 10000 9976 0 0 24 0 0 0 0 0 0 0 10000 90 0 1000 2 1.774 0.0 ../q3/./log/doc50cop1shlf1lif2000_af0s1tTOTAL_gf10000i90d0m1000_seed258760793.log 20837 q3-extractinstructions.txt 20150711_194144 0.5 559f0bc27768393544bb0264
20150711_194138 50 1 1 2000 100000 666549275 39 10000 9961 0 0 39 0 0 0 0 0 0 0 10000 90 0 1000 8 1.730 0.015 ../q3/./log/doc50cop1shlf1lif2000_af0s1tTOTAL_gf10000i90d0m1000_seed666549275.log 27353 q3-extractinstructions.txt 20150711_194146 0.5 559f0bc27768393544bb0265
20150711_194140 50 1 1 2000 100000 376517787 32 10000 9968 0 0 32 0 0 0 0 0 0 0 10000 90 0 1000 5 1.766 0.047 ../q3/./log/doc50cop1shlf1lif2000_af0s1tTOTAL_gf10000i90d0m1000_seed376517787.log 24007 q3-extractinstructions.txt 20150711_194148 0.5 559f0bc27768393544bb0266
20150711_194143 50 1 1 2000 100000 817713633 33 10000 9967 0 0 33 0 0 0 0 0 0 0 10000 90 0 1000 6 1.893 0.031 ../q3/./log/doc50cop1shlf1lif2000_af0s1tTOTAL_gf10000i90d0m1000_seed817713633.log 24180 q3-extractinstructions.txt 20150711_194150 0.5 559f0bc27768393544bb0267
20150711_194145 50 1 1 2000 100000 519606501 28 10000 9972 0 0 28 0 0 0 0 0 0 0 10000 90 0 1000 6 1.737 0.047 ../q3/./log/doc50cop1shlf1lif2000_af0s1tTOTAL_gf10000i90d0m1000_seed519606501.log 23030 q3-extractinstructions.txt 20150711_194152 0.5 559f0bc27768393544bb0268
20150711_194147 50 1 1 2000 100000 715258232 24 10000 9976 0 0 24 0 0 0 0 0 0 0 10000 90 0 1000 5 1.726 0.016 ../q3/./log/doc50cop1shlf1lif2000_af0s1tTOTAL_gf10000i90d0m1000_seed715258232.log 20897 q3-extractinstructions.txt 20150711_194154 0.5 559f0bc27768393544bb0269
20150711_194149 50 1 1 2000 100000 792850679 23 10000 9977 0 0 23 0 0 0 0 0 0 0 10000 90 0 1000 1 1.599 0.016 ../q3/./log/doc50cop1shlf1lif2000_af0s1tTOTAL_gf10000i90d0m1000_seed792850679.log 18927 q3-extractinstructions.txt 20150711_194156 0.5 559f0bc27768393544bb026a
