timestamp docsize shelfsize copies lifem simlength seed lost docstotal docsokay docsrepairedmajority docsrepairedminority docslost auditcycles auditfrequency auditsegments auditrepairs auditmajority auditminority auditlost glitchfreq glitchimpact glitchdecay glitchmaxlife nglitches walltime cputime logfilename logfilesize instructionfilename todaysdatetime extractorversion mongoid
20150711_181051 50 1 1 3 100000 919028296 8341 10000 1659 0 0 8341 0 0 0 0 0 0 0 10000 50 0 1000 10 31.526 7.878 ../q3/./log/doc50cop1shlf1lif3_af0s1tTOTAL_gf10000i50d0m1000_seed919028296.log 3620250 q3-extractinstructions.txt 20150711_181148 0.5 559f0b477768393544b6306c
20150711_181053 50 1 1 3 100000 103765041 8421 10000 1579 0 0 8421 0 0 0 0 0 0 0 10000 50 0 1000 13 32.392 8.221 ../q3/./log/doc50cop1shlf1lif3_af0s1tTOTAL_gf10000i50d0m1000_seed103765041.log 3674997 q3-extractinstructions.txt 20150711_181153 0.5 559f0b477768393544b6306d
20150711_181055 50 1 1 3 100000 141246882 8194 10000 1806 0 0 8194 0 0 0 0 0 0 0 10000 50 0 1000 3 31.588 8.408 ../q3/./log/doc50cop1shlf1lif3_af0s1tTOTAL_gf10000i50d0m1000_seed141246882.log 3554310 q3-extractinstructions.txt 20150711_181154 0.5 559f0b477768393544b6306e
20150711_181057 50 1 1 3 100000 681028781 8552 10000 1448 0 0 8552 0 0 0 0 0 0 0 10000 50 0 1000 17 33.192 8.346 ../q3/./log/doc50cop1shlf1lif3_af0s1tTOTAL_gf10000i50d0m1000_seed681028781.log 3719528 q3-extractinstructions.txt 20150711_181159 0.5 559f0b477768393544b6306f
20150711_181059 50 1 1 3 100000 117661523 8480 10000 1520 0 0 8480 0 0 0 0 0 0 0 10000 50 0 1000 12 32.220 8.049 ../q3/./log/doc50cop1shlf1lif3_af0s1tTOTAL_gf10000i50d0m1000_seed117661523.log 3677792 q3-extractinstructions.txt 20150711_181200 0.5 559f0b477768393544b63070
20150711_181101 50 1 1 3 100000 105731136 8254 10000 1746 0 0 8254 0 0 0 0 0 0 0 10000 50 0 1000 6 31.746 7.691 ../q3/./log/doc50cop1shlf1lif3_af0s1tTOTAL_gf10000i50d0m1000_seed105731136.log 3592013 q3-extractinstructions.txt 20150711_181202 0.5 559f0b477768393544b63071
20150711_181104 50 1 1 3 100000 967561224 8236 10000 1764 0 0 8236 0 0 0 0 0 0 0 10000 50 0 1000 4 32.023 7.956 ../q3/./log/doc50cop1shlf1lif3_af0s1tTOTAL_gf10000i50d0m1000_seed967561224.log 3570505 q3-extractinstructions.txt 20150711_181203 0.5 559f0b477768393544b63072
20150711_181106 50 1 1 3 100000 420477893 8210 10000 1790 0 0 8210 0 0 0 0 0 0 0 10000 50 0 1000 2 31.986 6.677 ../q3/./log/doc50cop1shlf1lif3_af0s1tTOTAL_gf10000i50d0m1000_seed420477893.log 3548324 q3-extractinstructions.txt 20150711_181204 0.5 559f0b477768393544b63073
20150711_181128 50 1 1 3 100000 263688301 8427 10000 1573 0 0 8427 0 0 0 0 0 0 0 10000 50 0 1000 11 45.911 7.02 ../q3/./log/doc50cop1shlf1lif3_af0s1tTOTAL_gf10000i50d0m1000_seed263688301.log 3660348 q3-extractinstructions.txt 20150711_181238 0.5 559f0b477768393544b63074
20150711_181210 50 1 1 3 100000 50746969 8219 10000 1781 0 0 8219 0 0 0 0 0 0 0 10000 50 0 1000 4 33.218 7.363 ../q3/./log/doc50cop1shlf1lif3_af0s1tTOTAL_gf10000i50d0m1000_seed50746969.log 3562004 q3-extractinstructions.txt 20150711_181308 0.5 559f0b477768393544b63075
20150711_181212 50 1 1 3 100000 533657980 8450 10000 1550 0 0 8450 0 0 0 0 0 0 0 10000 50 0 1000 8 34.241 8.05 ../q3/./log/doc50cop1shlf1lif3_af0s1tTOTAL_gf10000i50d0m1000_seed533657980.log 3669205 q3-extractinstructions.txt 20150711_181314 0.5 559f0b477768393544b63076
20150711_181214 50 1 1 3 100000 711283608 8248 10000 1752 0 0 8248 0 0 0 0 0 0 0 10000 50 0 1000 4 34.091 8.019 ../q3/./log/doc50cop1shlf1lif3_af0s1tTOTAL_gf10000i50d0m1000_seed711283608.log 3581092 q3-extractinstructions.txt 20150711_181316 0.5 559f0b477768393544b63077
20150711_181217 50 1 1 3 100000 597296547 8267 10000 1733 0 0 8267 0 0 0 0 0 0 0 10000 50 0 1000 6 35.350 7.815 ../q3/./log/doc50cop1shlf1lif3_af0s1tTOTAL_gf10000i50d0m1000_seed597296547.log 3580936 q3-extractinstructions.txt 20150711_181320 0.5 559f0b477768393544b63078
20150711_181219 50 1 1 3 100000 664375964 8239 10000 1761 0 0 8239 0 0 0 0 0 0 0 10000 50 0 1000 5 35.625 7.489 ../q3/./log/doc50cop1shlf1lif3_af0s1tTOTAL_gf10000i50d0m1000_seed664375964.log 3567507 q3-extractinstructions.txt 20150711_181322 0.5 559f0b477768393544b63079
20150711_181221 50 1 1 3 100000 258760793 8347 10000 1653 0 0 8347 0 0 0 0 0 0 0 10000 50 0 1000 5 36.838 7.379 ../q3/./log/doc50cop1shlf1lif3_af0s1tTOTAL_gf10000i50d0m1000_seed258760793.log 3619461 q3-extractinstructions.txt 20150711_181325 0.5 559f0b477768393544b6307a
20150711_181224 50 1 1 3 100000 666549275 8182 10000 1818 0 0 8182 0 0 0 0 0 0 0 10000 50 0 1000 3 37.303 7.16 ../q3/./log/doc50cop1shlf1lif3_af0s1tTOTAL_gf10000i50d0m1000_seed666549275.log 3538904 q3-extractinstructions.txt 20150711_181327 0.5 559f0b477768393544b6307b
20150711_181245 50 1 1 3 100000 376517787 8369 10000 1631 0 0 8369 0 0 0 0 0 0 0 10000 50 0 1000 9 46.035 8.096 ../q3/./log/doc50cop1shlf1lif3_af0s1tTOTAL_gf10000i50d0m1000_seed376517787.log 3637551 q3-extractinstructions.txt 20150711_181356 0.5 559f0b477768393544b6307c
20150711_181248 50 1 1 3 100000 817713633 8346 10000 1654 0 0 8346 0 0 0 0 0 0 0 10000 50 0 1000 9 46.075 7.8 ../q3/./log/doc50cop1shlf1lif3_af0s1tTOTAL_gf10000i50d0m1000_seed817713633.log 3624804 q3-extractinstructions.txt 20150711_181358 0.5 559f0b477768393544b6307d
20150711_181321 50 1 1 3 100000 519606501 8383 10000 1617 0 0 8383 0 0 0 0 0 0 0 10000 50 0 1000 9 35.108 7.348 ../q3/./log/doc50cop1shlf1lif3_af0s1tTOTAL_gf10000i50d0m1000_seed519606501.log 3646263 q3-extractinstructions.txt 20150711_181422 0.5 559f0b477768393544b6307e
20150711_181336 50 1 1 5 100000 919028296 6547 10000 3453 0 0 6547 0 0 0 0 0 0 0 10000 50 0 1000 7 26.690 6.24 ../q3/./log/doc50cop1shlf1lif5_af0s1tTOTAL_gf10000i50d0m1000_seed919028296.log 2786917 q3-extractinstructions.txt 20150711_181426 0.5 559f0b477768393544b630ea
20150711_181339 50 1 1 5 100000 103765041 6523 10000 3477 0 0 6523 0 0 0 0 0 0 0 10000 50 0 1000 8 26.625 5.803 ../q3/./log/doc50cop1shlf1lif5_af0s1tTOTAL_gf10000i50d0m1000_seed103765041.log 2782218 q3-extractinstructions.txt 20150711_181428 0.5 559f0b477768393544b630eb
20150711_181341 50 1 1 5 100000 141246882 6346 10000 3654 0 0 6346 0 0 0 0 0 0 0 10000 50 0 1000 2 25.887 5.428 ../q3/./log/doc50cop1shlf1lif5_af0s1tTOTAL_gf10000i50d0m1000_seed141246882.log 2700021 q3-extractinstructions.txt 20150711_181430 0.5 559f0b477768393544b630ec
20150711_181332 50 1 1 3 100000 715258232 8389 10000 1611 0 0 8389 0 0 0 0 0 0 0 10000 50 0 1000 8 33.605 8.143 ../q3/./log/doc50cop1shlf1lif3_af0s1tTOTAL_gf10000i50d0m1000_seed715258232.log 3634835 q3-extractinstructions.txt 20150711_181433 0.5 559f0b477768393544b6307f
20150711_181334 50 1 1 3 100000 792850679 8297 10000 1703 0 0 8297 0 0 0 0 0 0 0 10000 50 0 1000 8 35.043 8.659 ../q3/./log/doc50cop1shlf1lif3_af0s1tTOTAL_gf10000i50d0m1000_seed792850679.log 3591820 q3-extractinstructions.txt 20150711_181436 0.5 559f0b477768393544b63080
20150711_181403 50 1 1 5 100000 681028781 6543 10000 3457 0 0 6543 0 0 0 0 0 0 0 10000 50 0 1000 7 35.578 5.444 ../q3/./log/doc50cop1shlf1lif5_af0s1tTOTAL_gf10000i50d0m1000_seed681028781.log 2783347 q3-extractinstructions.txt 20150711_181458 0.5 559f0b477768393544b630ed
20150711_181406 50 1 1 5 100000 117661523 6563 10000 3437 0 0 6563 0 0 0 0 0 0 0 10000 50 0 1000 6 34.596 5.538 ../q3/./log/doc50cop1shlf1lif5_af0s1tTOTAL_gf10000i50d0m1000_seed117661523.log 2782250 q3-extractinstructions.txt 20150711_181500 0.5 559f0b477768393544b630ee
20150711_181407 50 1 1 5 100000 105731136 6526 10000 3474 0 0 6526 0 0 0 0 0 0 0 10000 50 0 1000 5 34.272 5.678 ../q3/./log/doc50cop1shlf1lif5_af0s1tTOTAL_gf10000i50d0m1000_seed105731136.log 2784651 q3-extractinstructions.txt 20150711_181502 0.5 559f0b477768393544b630ef
20150711_181410 50 1 1 5 100000 967561224 6530 10000 3470 0 0 6530 0 0 0 0 0 0 0 10000 50 0 1000 11 33.449 5.663 ../q3/./log/doc50cop1shlf1lif5_af0s1tTOTAL_gf10000i50d0m1000_seed967561224.log 2784447 q3-extractinstructions.txt 20150711_181504 0.5 559f0b477768393544b630f0
20150711_181432 50 1 1 5 100000 420477893 6520 10000 3480 0 0 6520 0 0 0 0 0 0 0 10000 50 0 1000 6 33.151 4.868 ../q3/./log/doc50cop1shlf1lif5_af0s1tTOTAL_gf10000i50d0m1000_seed420477893.log 2758365 q3-extractinstructions.txt 20150711_181524 0.5 559f0b477768393544b630f1
20150711_181444 50 1 1 5 100000 263688301 6564 10000 3436 0 0 6564 0 0 0 0 0 0 0 10000 50 0 1000 7 37.766 3.776 ../q3/./log/doc50cop1shlf1lif5_af0s1tTOTAL_gf10000i50d0m1000_seed263688301.log 2784660 q3-extractinstructions.txt 20150711_181541 0.5 559f0b477768393544b630f2
20150711_181447 50 1 1 5 100000 50746969 6520 10000 3480 0 0 6520 0 0 0 0 0 0 0 10000 50 0 1000 6 37.866 3.557 ../q3/./log/doc50cop1shlf1lif5_af0s1tTOTAL_gf10000i50d0m1000_seed50746969.log 2778437 q3-extractinstructions.txt 20150711_181544 0.5 559f0b477768393544b630f3
20150711_181450 50 1 1 5 100000 533657980 6573 10000 3427 0 0 6573 0 0 0 0 0 0 0 10000 50 0 1000 7 35.883 4.228 ../q3/./log/doc50cop1shlf1lif5_af0s1tTOTAL_gf10000i50d0m1000_seed533657980.log 2804193 q3-extractinstructions.txt 20150711_181545 0.5 559f0b477768393544b630f4
20150711_181502 50 1 1 5 100000 711283608 6491 10000 3509 0 0 6491 0 0 0 0 0 0 0 10000 50 0 1000 7 28.358 4.445 ../q3/./log/doc50cop1shlf1lif5_af0s1tTOTAL_gf10000i50d0m1000_seed711283608.log 2768462 q3-extractinstructions.txt 20150711_181549 0.5 559f0b477768393544b630f5
20150711_181514 50 1 1 5 100000 597296547 6436 10000 3564 0 0 6436 0 0 0 0 0 0 0 10000 50 0 1000 5 33.526 4.617 ../q3/./log/doc50cop1shlf1lif5_af0s1tTOTAL_gf10000i50d0m1000_seed597296547.log 2733531 q3-extractinstructions.txt 20150711_181607 0.5 559f0b477768393544b630f6
20150711_181516 50 1 1 5 100000 664375964 6651 10000 3349 0 0 6651 0 0 0 0 0 0 0 10000 50 0 1000 8 33.043 4.493 ../q3/./log/doc50cop1shlf1lif5_af0s1tTOTAL_gf10000i50d0m1000_seed664375964.log 2823380 q3-extractinstructions.txt 20150711_181610 0.5 559f0b477768393544b630f7
20150711_181518 50 1 1 5 100000 258760793 6504 10000 3496 0 0 6504 0 0 0 0 0 0 0 10000 50 0 1000 4 31.396 4.243 ../q3/./log/doc50cop1shlf1lif5_af0s1tTOTAL_gf10000i50d0m1000_seed258760793.log 2757418 q3-extractinstructions.txt 20150711_181610 0.5 559f0b477768393544b630f8
20150711_181530 50 1 1 5 100000 666549275 6543 10000 3457 0 0 6543 0 0 0 0 0 0 0 10000 50 0 1000 6 37.969 4.587 ../q3/./log/doc50cop1shlf1lif5_af0s1tTOTAL_gf10000i50d0m1000_seed666549275.log 2779141 q3-extractinstructions.txt 20150711_181627 0.5 559f0b477768393544b630f9
20150711_181613 50 1 1 10 100000 919028296 4135 10000 5865 0 0 4135 0 0 0 0 0 0 0 10000 50 0 1000 8 19.801 2.324 ../q3/./log/doc50cop1shlf1lif10_af0s1tTOTAL_gf10000i50d0m1000_seed919028296.log 1724759 q3-extractinstructions.txt 20150711_181648 0.5 559f0b477768393544b63168
20150711_181552 50 1 1 5 100000 376517787 6487 10000 3513 0 0 6487 0 0 0 0 0 0 0 10000 50 0 1000 5 37.896 3.947 ../q3/./log/doc50cop1shlf1lif5_af0s1tTOTAL_gf10000i50d0m1000_seed376517787.log 2748813 q3-extractinstructions.txt 20150711_181650 0.5 559f0b477768393544b630fa
20150711_181554 50 1 1 5 100000 817713633 6515 10000 3485 0 0 6515 0 0 0 0 0 0 0 10000 50 0 1000 6 37.071 3.931 ../q3/./log/doc50cop1shlf1lif5_af0s1tTOTAL_gf10000i50d0m1000_seed817713633.log 2778863 q3-extractinstructions.txt 20150711_181653 0.5 559f0b477768393544b630fb
20150711_181558 50 1 1 5 100000 519606501 6486 10000 3514 0 0 6486 0 0 0 0 0 0 0 10000 50 0 1000 5 34.736 3.885 ../q3/./log/doc50cop1shlf1lif5_af0s1tTOTAL_gf10000i50d0m1000_seed519606501.log 2753150 q3-extractinstructions.txt 20150711_181654 0.5 559f0b477768393544b630fc
20150711_181600 50 1 1 5 100000 715258232 6635 10000 3365 0 0 6635 0 0 0 0 0 0 0 10000 50 0 1000 7 33.661 3.947 ../q3/./log/doc50cop1shlf1lif5_af0s1tTOTAL_gf10000i50d0m1000_seed715258232.log 2816036 q3-extractinstructions.txt 20150711_181655 0.5 559f0b477768393544b630fd
20150711_181626 50 1 1 10 100000 103765041 4131 10000 5869 0 0 4131 0 0 0 0 0 0 0 10000 50 0 1000 7 18.811 2.839 ../q3/./log/doc50cop1shlf1lif10_af0s1tTOTAL_gf10000i50d0m1000_seed103765041.log 1714004 q3-extractinstructions.txt 20150711_181659 0.5 559f0b477768393544b63169
20150711_181611 50 1 1 5 100000 792850679 6457 10000 3543 0 0 6457 0 0 0 0 0 0 0 10000 50 0 1000 4 32.651 4.524 ../q3/./log/doc50cop1shlf1lif5_af0s1tTOTAL_gf10000i50d0m1000_seed792850679.log 2739632 q3-extractinstructions.txt 20150711_181704 0.5 559f0b477768393544b630fe
20150711_181637 50 1 1 10 100000 141246882 3990 10000 6010 0 0 3990 0 0 0 0 0 0 0 10000 50 0 1000 1 27.443 1.732 ../q3/./log/doc50cop1shlf1lif10_af0s1tTOTAL_gf10000i50d0m1000_seed141246882.log 1662231 q3-extractinstructions.txt 20150711_181719 0.5 559f0b477768393544b6316a
20150711_181641 50 1 1 10 100000 681028781 4205 10000 5795 0 0 4205 0 0 0 0 0 0 0 10000 50 0 1000 8 25.535 1.903 ../q3/./log/doc50cop1shlf1lif10_af0s1tTOTAL_gf10000i50d0m1000_seed681028781.log 1741476 q3-extractinstructions.txt 20150711_181721 0.5 559f0b477768393544b6316b
20150711_181703 50 1 1 10 100000 117661523 4073 10000 5927 0 0 4073 0 0 0 0 0 0 0 10000 50 0 1000 5 15.616 3.166 ../q3/./log/doc50cop1shlf1lif10_af0s1tTOTAL_gf10000i50d0m1000_seed117661523.log 1680992 q3-extractinstructions.txt 20150711_181733 0.5 559f0b477768393544b6316c
20150711_181704 50 1 1 10 100000 105731136 4007 10000 5993 0 0 4007 0 0 0 0 0 0 0 10000 50 0 1000 2 15.395 3.135 ../q3/./log/doc50cop1shlf1lif10_af0s1tTOTAL_gf10000i50d0m1000_seed105731136.log 1656630 q3-extractinstructions.txt 20150711_181734 0.5 559f0b477768393544b6316d
20150711_181706 50 1 1 10 100000 967561224 4037 10000 5963 0 0 4037 0 0 0 0 0 0 0 10000 50 0 1000 5 15.653 3.432 ../q3/./log/doc50cop1shlf1lif10_af0s1tTOTAL_gf10000i50d0m1000_seed967561224.log 1676364 q3-extractinstructions.txt 20150711_181736 0.5 559f0b477768393544b6316e
20150711_181708 50 1 1 10 100000 420477893 4128 10000 5872 0 0 4128 0 0 0 0 0 0 0 10000 50 0 1000 3 15.353 3.385 ../q3/./log/doc50cop1shlf1lif10_af0s1tTOTAL_gf10000i50d0m1000_seed420477893.log 1703970 q3-extractinstructions.txt 20150711_181738 0.5 559f0b477768393544b6316f
20150711_181710 50 1 1 10 100000 263688301 4109 10000 5891 0 0 4109 0 0 0 0 0 0 0 10000 50 0 1000 7 15.320 3.666 ../q3/./log/doc50cop1shlf1lif10_af0s1tTOTAL_gf10000i50d0m1000_seed263688301.log 1701422 q3-extractinstructions.txt 20150711_181740 0.5 559f0b477768393544b63170
20150711_181713 50 1 1 10 100000 50746969 4120 10000 5880 0 0 4120 0 0 0 0 0 0 0 10000 50 0 1000 5 15.859 3.416 ../q3/./log/doc50cop1shlf1lif10_af0s1tTOTAL_gf10000i50d0m1000_seed50746969.log 1707017 q3-extractinstructions.txt 20150711_181743 0.5 559f0b477768393544b63171
20150711_181725 50 1 1 10 100000 533657980 4101 10000 5899 0 0 4101 0 0 0 0 0 0 0 10000 50 0 1000 5 20.312 2.527 ../q3/./log/doc50cop1shlf1lif10_af0s1tTOTAL_gf10000i50d0m1000_seed533657980.log 1703890 q3-extractinstructions.txt 20150711_181758 0.5 559f0b477768393544b63172
20150711_181727 50 1 1 10 100000 711283608 4203 10000 5797 0 0 4203 0 0 0 0 0 0 0 10000 50 0 1000 10 19.857 2.746 ../q3/./log/doc50cop1shlf1lif10_af0s1tTOTAL_gf10000i50d0m1000_seed711283608.log 1747253 q3-extractinstructions.txt 20150711_181801 0.5 559f0b477768393544b63173
20150711_181740 50 1 1 10 100000 597296547 4140 10000 5860 0 0 4140 0 0 0 0 0 0 0 10000 50 0 1000 6 14.054 2.637 ../q3/./log/doc50cop1shlf1lif10_af0s1tTOTAL_gf10000i50d0m1000_seed597296547.log 1716898 q3-extractinstructions.txt 20150711_181808 0.5 559f0b477768393544b63174
20150711_181751 50 1 1 10 100000 664375964 4171 10000 5829 0 0 4171 0 0 0 0 0 0 0 10000 50 0 1000 6 18.487 3.136 ../q3/./log/doc50cop1shlf1lif10_af0s1tTOTAL_gf10000i50d0m1000_seed664375964.log 1725405 q3-extractinstructions.txt 20150711_181824 0.5 559f0b477768393544b63175
20150711_181753 50 1 1 10 100000 258760793 4126 10000 5874 0 0 4126 0 0 0 0 0 0 0 10000 50 0 1000 4 17.690 3.057 ../q3/./log/doc50cop1shlf1lif10_af0s1tTOTAL_gf10000i50d0m1000_seed258760793.log 1706890 q3-extractinstructions.txt 20150711_181827 0.5 559f0b477768393544b63176
20150711_181756 50 1 1 10 100000 666549275 4061 10000 5939 0 0 4061 0 0 0 0 0 0 0 10000 50 0 1000 4 16.364 3.463 ../q3/./log/doc50cop1shlf1lif10_af0s1tTOTAL_gf10000i50d0m1000_seed666549275.log 1678074 q3-extractinstructions.txt 20150711_181827 0.5 559f0b477768393544b63177
20150711_181758 50 1 1 10 100000 376517787 4104 10000 5896 0 0 4104 0 0 0 0 0 0 0 10000 50 0 1000 8 15.968 3.697 ../q3/./log/doc50cop1shlf1lif10_af0s1tTOTAL_gf10000i50d0m1000_seed376517787.log 1691761 q3-extractinstructions.txt 20150711_181830 0.5 559f0b477768393544b63178
20150711_181800 50 1 1 10 100000 817713633 4087 10000 5913 0 0 4087 0 0 0 0 0 0 0 10000 50 0 1000 9 15.421 3.354 ../q3/./log/doc50cop1shlf1lif10_af0s1tTOTAL_gf10000i50d0m1000_seed817713633.log 1698836 q3-extractinstructions.txt 20150711_181831 0.5 559f0b477768393544b63179
20150711_181802 50 1 1 10 100000 519606501 4238 10000 5762 0 0 4238 0 0 0 0 0 0 0 10000 50 0 1000 10 15.847 3.292 ../q3/./log/doc50cop1shlf1lif10_af0s1tTOTAL_gf10000i50d0m1000_seed519606501.log 1755211 q3-extractinstructions.txt 20150711_181833 0.5 559f0b477768393544b6317a
20150711_181819 50 1 1 20 100000 919028296 2307 10000 7693 0 0 2307 0 0 0 0 0 0 0 10000 50 0 1000 6 15.383 1.514 ../q3/./log/doc50cop1shlf1lif20_af0s1tTOTAL_gf10000i50d0m1000_seed919028296.log 941435 q3-extractinstructions.txt 20150711_181844 0.5 559f0b477768393544b631e6
20150711_181823 50 1 1 20 100000 103765041 2288 10000 7712 0 0 2288 0 0 0 0 0 0 0 10000 50 0 1000 4 12.869 1.404 ../q3/./log/doc50cop1shlf1lif20_af0s1tTOTAL_gf10000i50d0m1000_seed103765041.log 933051 q3-extractinstructions.txt 20150711_181846 0.5 559f0b477768393544b631e7
20150711_181814 50 1 1 10 100000 715258232 4045 10000 5955 0 0 4045 0 0 0 0 0 0 0 10000 50 0 1000 3 22.143 2.574 ../q3/./log/doc50cop1shlf1lif10_af0s1tTOTAL_gf10000i50d0m1000_seed715258232.log 1676386 q3-extractinstructions.txt 20150711_181850 0.5 559f0b477768393544b6317b
20150711_181816 50 1 1 10 100000 792850679 4121 10000 5879 0 0 4121 0 0 0 0 0 0 0 10000 50 0 1000 6 21.832 2.73 ../q3/./log/doc50cop1shlf1lif10_af0s1tTOTAL_gf10000i50d0m1000_seed792850679.log 1696172 q3-extractinstructions.txt 20150711_181852 0.5 559f0b477768393544b6317c
20150711_181843 50 1 1 20 100000 141246882 2178 10000 7822 0 0 2178 0 0 0 0 0 0 0 10000 50 0 1000 1 12.471 1.373 ../q3/./log/doc50cop1shlf1lif20_af0s1tTOTAL_gf10000i50d0m1000_seed141246882.log 888586 q3-extractinstructions.txt 20150711_181905 0.5 559f0b477768393544b631e8
20150711_181845 50 1 1 20 100000 681028781 2318 10000 7682 0 0 2318 0 0 0 0 0 0 0 10000 50 0 1000 7 12.360 1.732 ../q3/./log/doc50cop1shlf1lif20_af0s1tTOTAL_gf10000i50d0m1000_seed681028781.log 948130 q3-extractinstructions.txt 20150711_181908 0.5 559f0b477768393544b631e9
20150711_181847 50 1 1 20 100000 117661523 2215 10000 7785 0 0 2215 0 0 0 0 0 0 0 10000 50 0 1000 3 11.112 1.373 ../q3/./log/doc50cop1shlf1lif20_af0s1tTOTAL_gf10000i50d0m1000_seed117661523.log 902126 q3-extractinstructions.txt 20150711_181908 0.5 559f0b477768393544b631ea
20150711_181850 50 1 1 20 100000 105731136 2287 10000 7713 0 0 2287 0 0 0 0 0 0 0 10000 50 0 1000 4 10.063 1.826 ../q3/./log/doc50cop1shlf1lif20_af0s1tTOTAL_gf10000i50d0m1000_seed105731136.log 935516 q3-extractinstructions.txt 20150711_181910 0.5 559f0b477768393544b631eb
20150711_181853 50 1 1 20 100000 967561224 2219 10000 7781 0 0 2219 0 0 0 0 0 0 0 10000 50 0 1000 3 9.102 1.482 ../q3/./log/doc50cop1shlf1lif20_af0s1tTOTAL_gf10000i50d0m1000_seed967561224.log 912194 q3-extractinstructions.txt 20150711_181912 0.5 559f0b477768393544b631ec
20150711_181854 50 1 1 20 100000 420477893 2207 10000 7793 0 0 2207 0 0 0 0 0 0 0 10000 50 0 1000 2 8.642 1.591 ../q3/./log/doc50cop1shlf1lif20_af0s1tTOTAL_gf10000i50d0m1000_seed420477893.log 897748 q3-extractinstructions.txt 20150711_181913 0.5 559f0b477768393544b631ed
20150711_181856 50 1 1 20 100000 263688301 2421 10000 7579 0 0 2421 0 0 0 0 0 0 0 10000 50 0 1000 13 8.980 1.42 ../q3/./log/doc50cop1shlf1lif20_af0s1tTOTAL_gf10000i50d0m1000_seed263688301.log 985766 q3-extractinstructions.txt 20150711_181916 0.5 559f0b477768393544b631ee
20150711_181908 50 1 1 20 100000 50746969 2241 10000 7759 0 0 2241 0 0 0 0 0 0 0 10000 50 0 1000 5 11.001 1.638 ../q3/./log/doc50cop1shlf1lif20_af0s1tTOTAL_gf10000i50d0m1000_seed50746969.log 919761 q3-extractinstructions.txt 20150711_181929 0.5 559f0b477768393544b631ef
20150711_181911 50 1 1 20 100000 533657980 2382 10000 7618 0 0 2382 0 0 0 0 0 0 0 10000 50 0 1000 5 9.940 1.731 ../q3/./log/doc50cop1shlf1lif20_af0s1tTOTAL_gf10000i50d0m1000_seed533657980.log 978362 q3-extractinstructions.txt 20150711_181931 0.5 559f0b477768393544b631f0
20150711_181913 50 1 1 20 100000 711283608 2333 10000 7667 0 0 2333 0 0 0 0 0 0 0 10000 50 0 1000 9 8.885 1.592 ../q3/./log/doc50cop1shlf1lif20_af0s1tTOTAL_gf10000i50d0m1000_seed711283608.log 955606 q3-extractinstructions.txt 20150711_181933 0.5 559f0b477768393544b631f1
20150711_181915 50 1 1 20 100000 597296547 2287 10000 7713 0 0 2287 0 0 0 0 0 0 0 10000 50 0 1000 4 7.900 1.435 ../q3/./log/doc50cop1shlf1lif20_af0s1tTOTAL_gf10000i50d0m1000_seed597296547.log 932857 q3-extractinstructions.txt 20150711_181934 0.5 559f0b477768393544b631f2
20150711_181927 50 1 1 20 100000 664375964 2344 10000 7656 0 0 2344 0 0 0 0 0 0 0 10000 50 0 1000 6 11.278 1.496 ../q3/./log/doc50cop1shlf1lif20_af0s1tTOTAL_gf10000i50d0m1000_seed664375964.log 963416 q3-extractinstructions.txt 20150711_181948 0.5 559f0b477768393544b631f3
20150711_181930 50 1 1 20 100000 258760793 2323 10000 7677 0 0 2323 0 0 0 0 0 0 0 10000 50 0 1000 6 10.424 1.686 ../q3/./log/doc50cop1shlf1lif20_af0s1tTOTAL_gf10000i50d0m1000_seed258760793.log 952429 q3-extractinstructions.txt 20150711_181950 0.5 559f0b477768393544b631f4
20150711_181932 50 1 1 20 100000 666549275 2433 10000 7567 0 0 2433 0 0 0 0 0 0 0 10000 50 0 1000 7 9.756 1.685 ../q3/./log/doc50cop1shlf1lif20_af0s1tTOTAL_gf10000i50d0m1000_seed666549275.log 991124 q3-extractinstructions.txt 20150711_181952 0.5 559f0b477768393544b631f5
20150711_181933 50 1 1 20 100000 376517787 2469 10000 7531 0 0 2469 0 0 0 0 0 0 0 10000 50 0 1000 11 9.404 1.888 ../q3/./log/doc50cop1shlf1lif20_af0s1tTOTAL_gf10000i50d0m1000_seed376517787.log 1001128 q3-extractinstructions.txt 20150711_181953 0.5 559f0b477768393544b631f6
20150711_181935 50 1 1 20 100000 817713633 2332 10000 7668 0 0 2332 0 0 0 0 0 0 0 10000 50 0 1000 7 8.809 1.841 ../q3/./log/doc50cop1shlf1lif20_af0s1tTOTAL_gf10000i50d0m1000_seed817713633.log 958141 q3-extractinstructions.txt 20150711_181955 0.5 559f0b477768393544b631f7
20150711_181937 50 1 1 20 100000 519606501 2414 10000 7586 0 0 2414 0 0 0 0 0 0 0 10000 50 0 1000 10 8.940 1.779 ../q3/./log/doc50cop1shlf1lif20_af0s1tTOTAL_gf10000i50d0m1000_seed519606501.log 985799 q3-extractinstructions.txt 20150711_181957 0.5 559f0b477768393544b631f8
20150711_181950 50 1 1 20 100000 715258232 2272 10000 7728 0 0 2272 0 0 0 0 0 0 0 10000 50 0 1000 4 11.137 1.295 ../q3/./log/doc50cop1shlf1lif20_af0s1tTOTAL_gf10000i50d0m1000_seed715258232.log 929815 q3-extractinstructions.txt 20150711_182012 0.5 559f0b477768393544b631f9
20150711_181955 50 1 1 30 100000 919028296 1646 10000 8354 0 0 1646 0 0 0 0 0 0 0 10000 50 0 1000 7 7.151 1.31 ../q3/./log/doc50cop1shlf1lif30_af0s1tTOTAL_gf10000i50d0m1000_seed919028296.log 670896 q3-extractinstructions.txt 20150711_182012 0.5 559f0b477768393544b63264
20150711_181953 50 1 1 20 100000 792850679 2312 10000 7688 0 0 2312 0 0 0 0 0 0 0 10000 50 0 1000 3 9.949 1.685 ../q3/./log/doc50cop1shlf1lif20_af0s1tTOTAL_gf10000i50d0m1000_seed792850679.log 939374 q3-extractinstructions.txt 20150711_182014 0.5 559f0b477768393544b631fa
20150711_181957 50 1 1 30 100000 103765041 1689 10000 8311 0 0 1689 0 0 0 0 0 0 0 10000 50 0 1000 11 7.187 1.248 ../q3/./log/doc50cop1shlf1lif30_af0s1tTOTAL_gf10000i50d0m1000_seed103765041.log 692470 q3-extractinstructions.txt 20150711_182014 0.5 559f0b477768393544b63265
20150711_181958 50 1 1 30 100000 141246882 1537 10000 8463 0 0 1537 0 0 0 0 0 0 0 10000 50 0 1000 1 6.756 1.263 ../q3/./log/doc50cop1shlf1lif30_af0s1tTOTAL_gf10000i50d0m1000_seed141246882.log 626837 q3-extractinstructions.txt 20150711_182015 0.5 559f0b477768393544b63266
20150711_182001 50 1 1 30 100000 681028781 1700 10000 8300 0 0 1700 0 0 0 0 0 0 0 10000 50 0 1000 10 7.582 1.279 ../q3/./log/doc50cop1shlf1lif30_af0s1tTOTAL_gf10000i50d0m1000_seed681028781.log 694250 q3-extractinstructions.txt 20150711_182017 0.5 559f0b477768393544b63267
20150711_182002 50 1 1 30 100000 117661523 1621 10000 8379 0 0 1621 0 0 0 0 0 0 0 10000 50 0 1000 8 9.066 0.967 ../q3/./log/doc50cop1shlf1lif30_af0s1tTOTAL_gf10000i50d0m1000_seed117661523.log 661849 q3-extractinstructions.txt 20150711_182020 0.5 559f0b477768393544b63268
20150711_182005 50 1 1 30 100000 105731136 1531 10000 8469 0 0 1531 0 0 0 0 0 0 0 10000 50 0 1000 4 9.528 1.186 ../q3/./log/doc50cop1shlf1lif30_af0s1tTOTAL_gf10000i50d0m1000_seed105731136.log 625366 q3-extractinstructions.txt 20150711_182023 0.5 559f0b477768393544b63269
20150711_182007 50 1 1 30 100000 967561224 1574 10000 8426 0 0 1574 0 0 0 0 0 0 0 10000 50 0 1000 3 10.003 0.749 ../q3/./log/doc50cop1shlf1lif30_af0s1tTOTAL_gf10000i50d0m1000_seed967561224.log 639861 q3-extractinstructions.txt 20150711_182026 0.5 559f0b477768393544b6326a
20150711_182011 50 1 1 30 100000 420477893 1645 10000 8355 0 0 1645 0 0 0 0 0 0 0 10000 50 0 1000 7 8.196 1.249 ../q3/./log/doc50cop1shlf1lif30_af0s1tTOTAL_gf10000i50d0m1000_seed420477893.log 669556 q3-extractinstructions.txt 20150711_182028 0.5 559f0b477768393544b6326b
20150711_182023 50 1 1 30 100000 263688301 1604 10000 8396 0 0 1604 0 0 0 0 0 0 0 10000 50 0 1000 8 8.423 0.843 ../q3/./log/doc50cop1shlf1lif30_af0s1tTOTAL_gf10000i50d0m1000_seed263688301.log 656803 q3-extractinstructions.txt 20150711_182040 0.5 559f0b477768393544b6326c
20150711_182024 50 1 1 30 100000 50746969 1644 10000 8356 0 0 1644 0 0 0 0 0 0 0 10000 50 0 1000 9 8.094 1.045 ../q3/./log/doc50cop1shlf1lif30_af0s1tTOTAL_gf10000i50d0m1000_seed50746969.log 668403 q3-extractinstructions.txt 20150711_182041 0.5 559f0b477768393544b6326d
20150711_182026 50 1 1 30 100000 533657980 1700 10000 8300 0 0 1700 0 0 0 0 0 0 0 10000 50 0 1000 7 7.522 0.905 ../q3/./log/doc50cop1shlf1lif30_af0s1tTOTAL_gf10000i50d0m1000_seed533657980.log 696401 q3-extractinstructions.txt 20150711_182044 0.5 559f0b477768393544b6326e
20150711_182029 50 1 1 30 100000 711283608 1570 10000 8430 0 0 1570 0 0 0 0 0 0 0 10000 50 0 1000 7 6.771 1.076 ../q3/./log/doc50cop1shlf1lif30_af0s1tTOTAL_gf10000i50d0m1000_seed711283608.log 644993 q3-extractinstructions.txt 20150711_182045 0.5 559f0b477768393544b6326f
20150711_182030 50 1 1 30 100000 597296547 1531 10000 8469 0 0 1531 0 0 0 0 0 0 0 10000 50 0 1000 3 6.280 1.061 ../q3/./log/doc50cop1shlf1lif30_af0s1tTOTAL_gf10000i50d0m1000_seed597296547.log 624686 q3-extractinstructions.txt 20150711_182045 0.5 559f0b477768393544b63270
20150711_182032 50 1 1 30 100000 664375964 1618 10000 8382 0 0 1618 0 0 0 0 0 0 0 10000 50 0 1000 6 7.540 1.154 ../q3/./log/doc50cop1shlf1lif30_af0s1tTOTAL_gf10000i50d0m1000_seed664375964.log 657677 q3-extractinstructions.txt 20150711_182048 0.5 559f0b477768393544b63271
20150711_182034 50 1 1 30 100000 258760793 1598 10000 8402 0 0 1598 0 0 0 0 0 0 0 10000 50 0 1000 3 8.944 1.217 ../q3/./log/doc50cop1shlf1lif30_af0s1tTOTAL_gf10000i50d0m1000_seed258760793.log 649346 q3-extractinstructions.txt 20150711_182052 0.5 559f0b477768393544b63272
20150711_182036 50 1 1 30 100000 666549275 1689 10000 8311 0 0 1689 0 0 0 0 0 0 0 10000 50 0 1000 10 9.660 1.123 ../q3/./log/doc50cop1shlf1lif30_af0s1tTOTAL_gf10000i50d0m1000_seed666549275.log 679323 q3-extractinstructions.txt 20150711_182054 0.5 559f0b477768393544b63273
20150711_182039 50 1 1 30 100000 376517787 1630 10000 8370 0 0 1630 0 0 0 0 0 0 0 10000 50 0 1000 8 9.069 1.076 ../q3/./log/doc50cop1shlf1lif30_af0s1tTOTAL_gf10000i50d0m1000_seed376517787.log 661310 q3-extractinstructions.txt 20150711_182057 0.5 559f0b477768393544b63274
20150711_182041 50 1 1 30 100000 817713633 1663 10000 8337 0 0 1663 0 0 0 0 0 0 0 10000 50 0 1000 8 8.275 1.201 ../q3/./log/doc50cop1shlf1lif30_af0s1tTOTAL_gf10000i50d0m1000_seed817713633.log 679614 q3-extractinstructions.txt 20150711_182059 0.5 559f0b477768393544b63275
20150711_182053 50 1 1 30 100000 519606501 1669 10000 8331 0 0 1669 0 0 0 0 0 0 0 10000 50 0 1000 7 7.799 1.279 ../q3/./log/doc50cop1shlf1lif30_af0s1tTOTAL_gf10000i50d0m1000_seed519606501.log 676180 q3-extractinstructions.txt 20150711_182110 0.5 559f0b477768393544b63276
20150711_182056 50 1 1 30 100000 715258232 1669 10000 8331 0 0 1669 0 0 0 0 0 0 0 10000 50 0 1000 7 7.827 1.233 ../q3/./log/doc50cop1shlf1lif30_af0s1tTOTAL_gf10000i50d0m1000_seed715258232.log 679531 q3-extractinstructions.txt 20150711_182112 0.5 559f0b477768393544b63277
20150711_182100 50 1 1 50 100000 919028296 1059 10000 8941 0 0 1059 0 0 0 0 0 0 0 10000 50 0 1000 9 5.492 0.702 ../q3/./log/doc50cop1shlf1lif50_af0s1tTOTAL_gf10000i50d0m1000_seed919028296.log 431100 q3-extractinstructions.txt 20150711_182114 0.5 559f0b477768393544b632e2
20150711_182058 50 1 1 30 100000 792850679 1649 10000 8351 0 0 1649 0 0 0 0 0 0 0 10000 50 0 1000 7 7.556 1.28 ../q3/./log/doc50cop1shlf1lif30_af0s1tTOTAL_gf10000i50d0m1000_seed792850679.log 674160 q3-extractinstructions.txt 20150711_182115 0.5 559f0b477768393544b63278
20150711_182102 50 1 1 50 100000 103765041 1048 10000 8952 0 0 1048 0 0 0 0 0 0 0 10000 50 0 1000 8 5.499 0.81 ../q3/./log/doc50cop1shlf1lif50_af0s1tTOTAL_gf10000i50d0m1000_seed103765041.log 432602 q3-extractinstructions.txt 20150711_182115 0.5 559f0b477768393544b632e3
20150711_182104 50 1 1 50 100000 141246882 962 10000 9038 0 0 962 0 0 0 0 0 0 0 10000 50 0 1000 1 5.214 0.874 ../q3/./log/doc50cop1shlf1lif50_af0s1tTOTAL_gf10000i50d0m1000_seed141246882.log 390138 q3-extractinstructions.txt 20150711_182116 0.5 559f0b477768393544b632e4
20150711_182106 50 1 1 50 100000 681028781 989 10000 9011 0 0 989 0 0 0 0 0 0 0 10000 50 0 1000 6 5.863 0.67 ../q3/./log/doc50cop1shlf1lif50_af0s1tTOTAL_gf10000i50d0m1000_seed681028781.log 405817 q3-extractinstructions.txt 20150711_182119 0.5 559f0b477768393544b632e5
20150711_182108 50 1 1 50 100000 117661523 983 10000 9017 0 0 983 0 0 0 0 0 0 0 10000 50 0 1000 3 6.478 0.686 ../q3/./log/doc50cop1shlf1lif50_af0s1tTOTAL_gf10000i50d0m1000_seed117661523.log 398399 q3-extractinstructions.txt 20150711_182122 0.5 559f0b477768393544b632e6
20150711_182111 50 1 1 50 100000 105731136 920 10000 9080 0 0 920 0 0 0 0 0 0 0 10000 50 0 1000 4 5.881 0.593 ../q3/./log/doc50cop1shlf1lif50_af0s1tTOTAL_gf10000i50d0m1000_seed105731136.log 379582 q3-extractinstructions.txt 20150711_182124 0.5 559f0b477768393544b632e7
20150711_182113 50 1 1 50 100000 967561224 967 10000 9033 0 0 967 0 0 0 0 0 0 0 10000 50 0 1000 3 5.158 0.577 ../q3/./log/doc50cop1shlf1lif50_af0s1tTOTAL_gf10000i50d0m1000_seed967561224.log 398221 q3-extractinstructions.txt 20150711_182126 0.5 559f0b477768393544b632e8
20150711_182124 50 1 1 50 100000 420477893 1012 10000 8988 0 0 1012 0 0 0 0 0 0 0 10000 50 0 1000 7 4.844 0.718 ../q3/./log/doc50cop1shlf1lif50_af0s1tTOTAL_gf10000i50d0m1000_seed420477893.log 416167 q3-extractinstructions.txt 20150711_182137 0.5 559f0b477768393544b632e9
20150711_182126 50 1 1 50 100000 263688301 995 10000 9005 0 0 995 0 0 0 0 0 0 0 10000 50 0 1000 6 4.442 0.468 ../q3/./log/doc50cop1shlf1lif50_af0s1tTOTAL_gf10000i50d0m1000_seed263688301.log 402553 q3-extractinstructions.txt 20150711_182138 0.5 559f0b477768393544b632ea
20150711_182128 50 1 1 50 100000 50746969 976 10000 9024 0 0 976 0 0 0 0 0 0 0 10000 50 0 1000 4 4.403 0.717 ../q3/./log/doc50cop1shlf1lif50_af0s1tTOTAL_gf10000i50d0m1000_seed50746969.log 400437 q3-extractinstructions.txt 20150711_182140 0.5 559f0b477768393544b632eb
20150711_182131 50 1 1 50 100000 533657980 1047 10000 8953 0 0 1047 0 0 0 0 0 0 0 10000 50 0 1000 9 4.672 0.749 ../q3/./log/doc50cop1shlf1lif50_af0s1tTOTAL_gf10000i50d0m1000_seed533657980.log 426871 q3-extractinstructions.txt 20150711_182143 0.5 559f0b477768393544b632ec
20150711_182133 50 1 1 50 100000 711283608 997 10000 9003 0 0 997 0 0 0 0 0 0 0 10000 50 0 1000 6 5.070 0.701 ../q3/./log/doc50cop1shlf1lif50_af0s1tTOTAL_gf10000i50d0m1000_seed711283608.log 410585 q3-extractinstructions.txt 20150711_182146 0.5 559f0b477768393544b632ed
20150711_182135 50 1 1 50 100000 597296547 977 10000 9023 0 0 977 0 0 0 0 0 0 0 10000 50 0 1000 2 5.405 0.764 ../q3/./log/doc50cop1shlf1lif50_af0s1tTOTAL_gf10000i50d0m1000_seed597296547.log 397345 q3-extractinstructions.txt 20150711_182148 0.5 559f0b477768393544b632ee
20150711_182137 50 1 1 50 100000 664375964 1059 10000 8941 0 0 1059 0 0 0 0 0 0 0 10000 50 0 1000 8 5.399 0.905 ../q3/./log/doc50cop1shlf1lif50_af0s1tTOTAL_gf10000i50d0m1000_seed664375964.log 431952 q3-extractinstructions.txt 20150711_182151 0.5 559f0b477768393544b632ef
20150711_182139 50 1 1 50 100000 258760793 1016 10000 8984 0 0 1016 0 0 0 0 0 0 0 10000 50 0 1000 8 5.410 0.764 ../q3/./log/doc50cop1shlf1lif50_af0s1tTOTAL_gf10000i50d0m1000_seed258760793.log 418473 q3-extractinstructions.txt 20150711_182153 0.5 559f0b477768393544b632f0
20150711_182141 50 1 1 50 100000 666549275 1055 10000 8945 0 0 1055 0 0 0 0 0 0 0 10000 50 0 1000 7 6.187 0.843 ../q3/./log/doc50cop1shlf1lif50_af0s1tTOTAL_gf10000i50d0m1000_seed666549275.log 429178 q3-extractinstructions.txt 20150711_182155 0.5 559f0b477768393544b632f1
20150711_182144 50 1 1 50 100000 376517787 983 10000 9017 0 0 983 0 0 0 0 0 0 0 10000 50 0 1000 6 5.796 0.702 ../q3/./log/doc50cop1shlf1lif50_af0s1tTOTAL_gf10000i50d0m1000_seed376517787.log 399186 q3-extractinstructions.txt 20150711_182157 0.5 559f0b477768393544b632f2
20150711_182146 50 1 1 50 100000 817713633 1058 10000 8942 0 0 1058 0 0 0 0 0 0 0 10000 50 0 1000 14 6.547 0.936 ../q3/./log/doc50cop1shlf1lif50_af0s1tTOTAL_gf10000i50d0m1000_seed817713633.log 440786 q3-extractinstructions.txt 20150711_182200 0.5 559f0b477768393544b632f3
20150711_182148 50 1 1 50 100000 519606501 1061 10000 8939 0 0 1061 0 0 0 0 0 0 0 10000 50 0 1000 10 6.414 0.967 ../q3/./log/doc50cop1shlf1lif50_af0s1tTOTAL_gf10000i50d0m1000_seed519606501.log 434578 q3-extractinstructions.txt 20150711_182202 0.5 559f0b477768393544b632f4
20150711_182151 50 1 1 50 100000 715258232 998 10000 9002 0 0 998 0 0 0 0 0 0 0 10000 50 0 1000 7 5.733 0.936 ../q3/./log/doc50cop1shlf1lif50_af0s1tTOTAL_gf10000i50d0m1000_seed715258232.log 413600 q3-extractinstructions.txt 20150711_182203 0.5 559f0b477768393544b632f5
20150711_182153 50 1 1 50 100000 792850679 1018 10000 8982 0 0 1018 0 0 0 0 0 0 0 10000 50 0 1000 4 5.222 0.826 ../q3/./log/doc50cop1shlf1lif50_af0s1tTOTAL_gf10000i50d0m1000_seed792850679.log 416085 q3-extractinstructions.txt 20150711_182206 0.5 559f0b477768393544b632f6
20150711_182204 50 1 1 100 100000 919028296 568 10000 9432 0 0 568 0 0 0 0 0 0 0 10000 50 0 1000 11 3.367 0.452 ../q3/./log/doc50cop1shlf1lif100_af0s1tTOTAL_gf10000i50d0m1000_seed919028296.log 234044 q3-extractinstructions.txt 20150711_182215 0.5 559f0b477768393544b63360
20150711_182206 50 1 1 100 100000 103765041 557 10000 9443 0 0 557 0 0 0 0 0 0 0 10000 50 0 1000 10 3.319 0.405 ../q3/./log/doc50cop1shlf1lif100_af0s1tTOTAL_gf10000i50d0m1000_seed103765041.log 233053 q3-extractinstructions.txt 20150711_182216 0.5 559f0b477768393544b63361
20150711_182208 50 1 1 100 100000 141246882 492 10000 9508 0 0 492 0 0 0 0 0 0 0 10000 50 0 1000 2 3.138 0.297 ../q3/./log/doc50cop1shlf1lif100_af0s1tTOTAL_gf10000i50d0m1000_seed141246882.log 204636 q3-extractinstructions.txt 20150711_182218 0.5 559f0b477768393544b63362
20150711_182211 50 1 1 100 100000 681028781 498 10000 9502 0 0 498 0 0 0 0 0 0 0 10000 50 0 1000 8 2.963 0.312 ../q3/./log/doc50cop1shlf1lif100_af0s1tTOTAL_gf10000i50d0m1000_seed681028781.log 211420 q3-extractinstructions.txt 20150711_182220 0.5 559f0b477768393544b63363
20150711_182213 50 1 1 100 100000 117661523 527 10000 9473 0 0 527 0 0 0 0 0 0 0 10000 50 0 1000 4 3.150 0.359 ../q3/./log/doc50cop1shlf1lif100_af0s1tTOTAL_gf10000i50d0m1000_seed117661523.log 219282 q3-extractinstructions.txt 20150711_182223 0.5 559f0b477768393544b63364
20150711_182215 50 1 1 100 100000 105731136 480 10000 9520 0 0 480 0 0 0 0 0 0 0 10000 50 0 1000 7 3.351 0.296 ../q3/./log/doc50cop1shlf1lif100_af0s1tTOTAL_gf10000i50d0m1000_seed105731136.log 203969 q3-extractinstructions.txt 20150711_182225 0.5 559f0b477768393544b63365
20150711_182217 50 1 1 100 100000 967561224 485 10000 9515 0 0 485 0 0 0 0 0 0 0 10000 50 0 1000 7 3.281 0.281 ../q3/./log/doc50cop1shlf1lif100_af0s1tTOTAL_gf10000i50d0m1000_seed967561224.log 205019 q3-extractinstructions.txt 20150711_182227 0.5 559f0b477768393544b63366
20150711_182219 50 1 1 100 100000 420477893 524 10000 9476 0 0 524 0 0 0 0 0 0 0 10000 50 0 1000 8 3.476 0.343 ../q3/./log/doc50cop1shlf1lif100_af0s1tTOTAL_gf10000i50d0m1000_seed420477893.log 221260 q3-extractinstructions.txt 20150711_182230 0.5 559f0b477768393544b63367
20150711_182221 50 1 1 100 100000 263688301 507 10000 9493 0 0 507 0 0 0 0 0 0 0 10000 50 0 1000 9 3.726 0.375 ../q3/./log/doc50cop1shlf1lif100_af0s1tTOTAL_gf10000i50d0m1000_seed263688301.log 210892 q3-extractinstructions.txt 20150711_182232 0.5 559f0b477768393544b63368
20150711_182223 50 1 1 100 100000 50746969 529 10000 9471 0 0 529 0 0 0 0 0 0 0 10000 50 0 1000 5 3.617 0.36 ../q3/./log/doc50cop1shlf1lif100_af0s1tTOTAL_gf10000i50d0m1000_seed50746969.log 219565 q3-extractinstructions.txt 20150711_182234 0.5 559f0b477768393544b63369
20150711_182226 50 1 1 100 100000 533657980 524 10000 9476 0 0 524 0 0 0 0 0 0 0 10000 50 0 1000 8 3.743 0.421 ../q3/./log/doc50cop1shlf1lif100_af0s1tTOTAL_gf10000i50d0m1000_seed533657980.log 220871 q3-extractinstructions.txt 20150711_182237 0.5 559f0b477768393544b6336a
20150711_182228 50 1 1 100 100000 711283608 510 10000 9490 0 0 510 0 0 0 0 0 0 0 10000 50 0 1000 6 3.758 0.42 ../q3/./log/doc50cop1shlf1lif100_af0s1tTOTAL_gf10000i50d0m1000_seed711283608.log 215913 q3-extractinstructions.txt 20150711_182238 0.5 559f0b477768393544b6336b
20150711_182230 50 1 1 100 100000 597296547 492 10000 9508 0 0 492 0 0 0 0 0 0 0 10000 50 0 1000 6 3.405 0.328 ../q3/./log/doc50cop1shlf1lif100_af0s1tTOTAL_gf10000i50d0m1000_seed597296547.log 207858 q3-extractinstructions.txt 20150711_182240 0.5 559f0b477768393544b6336c
20150711_182233 50 1 1 100 100000 664375964 508 10000 9492 0 0 508 0 0 0 0 0 0 0 10000 50 0 1000 7 3.325 0.483 ../q3/./log/doc50cop1shlf1lif100_af0s1tTOTAL_gf10000i50d0m1000_seed664375964.log 215386 q3-extractinstructions.txt 20150711_182243 0.5 559f0b477768393544b6336d
20150711_182234 50 1 1 100 100000 258760793 529 10000 9471 0 0 529 0 0 0 0 0 0 0 10000 50 0 1000 3 3.330 0.405 ../q3/./log/doc50cop1shlf1lif100_af0s1tTOTAL_gf10000i50d0m1000_seed258760793.log 220827 q3-extractinstructions.txt 20150711_182244 0.5 559f0b477768393544b6336e
20150711_182236 50 1 1 100 100000 666549275 538 10000 9462 0 0 538 0 0 0 0 0 0 0 10000 50 0 1000 8 3.471 0.328 ../q3/./log/doc50cop1shlf1lif100_af0s1tTOTAL_gf10000i50d0m1000_seed666549275.log 222882 q3-extractinstructions.txt 20150711_182247 0.5 559f0b477768393544b6336f
20150711_182239 50 1 1 100 100000 376517787 531 10000 9469 0 0 531 0 0 0 0 0 0 0 10000 50 0 1000 9 3.326 0.467 ../q3/./log/doc50cop1shlf1lif100_af0s1tTOTAL_gf10000i50d0m1000_seed376517787.log 216899 q3-extractinstructions.txt 20150711_182249 0.5 559f0b477768393544b63370
20150711_182241 50 1 1 100 100000 817713633 498 10000 9502 0 0 498 0 0 0 0 0 0 0 10000 50 0 1000 5 3.329 0.452 ../q3/./log/doc50cop1shlf1lif100_af0s1tTOTAL_gf10000i50d0m1000_seed817713633.log 210251 q3-extractinstructions.txt 20150711_182251 0.5 559f0b477768393544b63371
20150711_182243 50 1 1 100 100000 519606501 534 10000 9466 0 0 534 0 0 0 0 0 0 0 10000 50 0 1000 6 3.476 0.297 ../q3/./log/doc50cop1shlf1lif100_af0s1tTOTAL_gf10000i50d0m1000_seed519606501.log 221000 q3-extractinstructions.txt 20150711_182253 0.5 559f0b477768393544b63372
20150711_182245 50 1 1 100 100000 715258232 517 10000 9483 0 0 517 0 0 0 0 0 0 0 10000 50 0 1000 5 3.724 0.374 ../q3/./log/doc50cop1shlf1lif100_af0s1tTOTAL_gf10000i50d0m1000_seed715258232.log 216424 q3-extractinstructions.txt 20150711_182256 0.5 559f0b477768393544b63373
20150711_182247 50 1 1 100 100000 792850679 554 10000 9446 0 0 554 0 0 0 0 0 0 0 10000 50 0 1000 5 3.652 0.467 ../q3/./log/doc50cop1shlf1lif100_af0s1tTOTAL_gf10000i50d0m1000_seed792850679.log 229278 q3-extractinstructions.txt 20150711_182258 0.5 559f0b477768393544b63374
20150711_182249 50 1 1 200 100000 919028296 252 10000 9748 0 0 252 0 0 0 0 0 0 0 10000 50 0 1000 3 2.455 0.202 ../q3/./log/doc50cop1shlf1lif200_af0s1tTOTAL_gf10000i50d0m1000_seed919028296.log 109453 q3-extractinstructions.txt 20150711_182258 0.5 559f0b477768393544b633de
20150711_182251 50 1 1 200 100000 103765041 263 10000 9737 0 0 263 0 0 0 0 0 0 0 10000 50 0 1000 4 2.589 0.25 ../q3/./log/doc50cop1shlf1lif200_af0s1tTOTAL_gf10000i50d0m1000_seed103765041.log 113958 q3-extractinstructions.txt 20150711_182300 0.5 559f0b477768393544b633df
20150711_182254 50 1 1 200 100000 141246882 259 10000 9741 0 0 259 0 0 0 0 0 0 0 10000 50 0 1000 1 2.323 0.218 ../q3/./log/doc50cop1shlf1lif200_af0s1tTOTAL_gf10000i50d0m1000_seed141246882.log 110982 q3-extractinstructions.txt 20150711_182302 0.5 559f0b477768393544b633e0
20150711_182256 50 1 1 200 100000 681028781 268 10000 9732 0 0 268 0 0 0 0 0 0 0 10000 50 0 1000 6 2.513 0.187 ../q3/./log/doc50cop1shlf1lif200_af0s1tTOTAL_gf10000i50d0m1000_seed681028781.log 116734 q3-extractinstructions.txt 20150711_182305 0.5 559f0b477768393544b633e1
20150711_182258 50 1 1 200 100000 117661523 259 10000 9741 0 0 259 0 0 0 0 0 0 0 10000 50 0 1000 6 2.516 0.313 ../q3/./log/doc50cop1shlf1lif200_af0s1tTOTAL_gf10000i50d0m1000_seed117661523.log 114936 q3-extractinstructions.txt 20150711_182307 0.5 559f0b477768393544b633e2
20150711_182300 50 1 1 200 100000 105731136 268 10000 9732 0 0 268 0 0 0 0 0 0 0 10000 50 0 1000 6 2.398 0.25 ../q3/./log/doc50cop1shlf1lif200_af0s1tTOTAL_gf10000i50d0m1000_seed105731136.log 117825 q3-extractinstructions.txt 20150711_182309 0.5 559f0b477768393544b633e3
20150711_182302 50 1 1 200 100000 967561224 254 10000 9746 0 0 254 0 0 0 0 0 0 0 10000 50 0 1000 5 2.339 0.141 ../q3/./log/doc50cop1shlf1lif200_af0s1tTOTAL_gf10000i50d0m1000_seed967561224.log 111548 q3-extractinstructions.txt 20150711_182310 0.5 559f0b477768393544b633e4
20150711_182305 50 1 1 200 100000 420477893 254 10000 9746 0 0 254 0 0 0 0 0 0 0 10000 50 0 1000 6 2.506 0.218 ../q3/./log/doc50cop1shlf1lif200_af0s1tTOTAL_gf10000i50d0m1000_seed420477893.log 112517 q3-extractinstructions.txt 20150711_182313 0.5 559f0b477768393544b633e5
20150711_182307 50 1 1 200 100000 263688301 258 10000 9742 0 0 258 0 0 0 0 0 0 0 10000 50 0 1000 6 2.506 0.156 ../q3/./log/doc50cop1shlf1lif200_af0s1tTOTAL_gf10000i50d0m1000_seed263688301.log 112428 q3-extractinstructions.txt 20150711_182315 0.5 559f0b477768393544b633e6
20150711_182309 50 1 1 200 100000 50746969 231 10000 9769 0 0 231 0 0 0 0 0 0 0 10000 50 0 1000 8 2.315 0.203 ../q3/./log/doc50cop1shlf1lif200_af0s1tTOTAL_gf10000i50d0m1000_seed50746969.log 103783 q3-extractinstructions.txt 20150711_182317 0.5 559f0b477768393544b633e7
20150711_182310 50 1 1 200 100000 533657980 265 10000 9735 0 0 265 0 0 0 0 0 0 0 10000 50 0 1000 3 2.279 0.219 ../q3/./log/doc50cop1shlf1lif200_af0s1tTOTAL_gf10000i50d0m1000_seed533657980.log 115705 q3-extractinstructions.txt 20150711_182319 0.5 559f0b477768393544b633e8
20150711_182312 50 1 1 200 100000 711283608 261 10000 9739 0 0 261 0 0 0 0 0 0 0 10000 50 0 1000 9 2.338 0.141 ../q3/./log/doc50cop1shlf1lif200_af0s1tTOTAL_gf10000i50d0m1000_seed711283608.log 114165 q3-extractinstructions.txt 20150711_182321 0.5 559f0b477768393544b633e9
20150711_182315 50 1 1 200 100000 597296547 250 10000 9750 0 0 250 0 0 0 0 0 0 0 10000 50 0 1000 4 2.462 0.124 ../q3/./log/doc50cop1shlf1lif200_af0s1tTOTAL_gf10000i50d0m1000_seed597296547.log 111733 q3-extractinstructions.txt 20150711_182324 0.5 559f0b477768393544b633ea
20150711_182317 50 1 1 200 100000 664375964 274 10000 9726 0 0 274 0 0 0 0 0 0 0 10000 50 0 1000 7 2.542 0.188 ../q3/./log/doc50cop1shlf1lif200_af0s1tTOTAL_gf10000i50d0m1000_seed664375964.log 118799 q3-extractinstructions.txt 20150711_182326 0.5 559f0b477768393544b633eb
20150711_182319 50 1 1 200 100000 258760793 275 10000 9725 0 0 275 0 0 0 0 0 0 0 10000 50 0 1000 12 2.474 0.266 ../q3/./log/doc50cop1shlf1lif200_af0s1tTOTAL_gf10000i50d0m1000_seed258760793.log 123056 q3-extractinstructions.txt 20150711_182328 0.5 559f0b477768393544b633ec
20150711_182321 50 1 1 200 100000 666549275 265 10000 9735 0 0 265 0 0 0 0 0 0 0 10000 50 0 1000 9 2.432 0.187 ../q3/./log/doc50cop1shlf1lif200_af0s1tTOTAL_gf10000i50d0m1000_seed666549275.log 117892 q3-extractinstructions.txt 20150711_182330 0.5 559f0b477768393544b633ed
20150711_182323 50 1 1 200 100000 376517787 240 10000 9760 0 0 240 0 0 0 0 0 0 0 10000 50 0 1000 8 2.365 0.218 ../q3/./log/doc50cop1shlf1lif200_af0s1tTOTAL_gf10000i50d0m1000_seed376517787.log 107069 q3-extractinstructions.txt 20150711_182332 0.5 559f0b477768393544b633ee
20150711_182325 50 1 1 200 100000 817713633 230 10000 9770 0 0 230 0 0 0 0 0 0 0 10000 50 0 1000 12 2.381 0.203 ../q3/./log/doc50cop1shlf1lif200_af0s1tTOTAL_gf10000i50d0m1000_seed817713633.log 108141 q3-extractinstructions.txt 20150711_182334 0.5 559f0b477768393544b633ef
20150711_182328 50 1 1 200 100000 519606501 278 10000 9722 0 0 278 0 0 0 0 0 0 0 10000 50 0 1000 5 2.441 0.156 ../q3/./log/doc50cop1shlf1lif200_af0s1tTOTAL_gf10000i50d0m1000_seed519606501.log 120203 q3-extractinstructions.txt 20150711_182337 0.5 559f0b477768393544b633f0
20150711_182330 50 1 1 200 100000 715258232 247 10000 9753 0 0 247 0 0 0 0 0 0 0 10000 50 0 1000 9 2.457 0.11 ../q3/./log/doc50cop1shlf1lif200_af0s1tTOTAL_gf10000i50d0m1000_seed715258232.log 111459 q3-extractinstructions.txt 20150711_182339 0.5 559f0b477768393544b633f1
20150711_182332 50 1 1 200 100000 792850679 290 10000 9710 0 0 290 0 0 0 0 0 0 0 10000 50 0 1000 8 2.628 0.171 ../q3/./log/doc50cop1shlf1lif200_af0s1tTOTAL_gf10000i50d0m1000_seed792850679.log 124991 q3-extractinstructions.txt 20150711_182341 0.5 559f0b477768393544b633f2
20150711_182334 50 1 1 300 100000 919028296 187 10000 9813 0 0 187 0 0 0 0 0 0 0 10000 50 0 1000 6 2.085 0.109 ../q3/./log/doc50cop1shlf1lif300_af0s1tTOTAL_gf10000i50d0m1000_seed919028296.log 84702 q3-extractinstructions.txt 20150711_182342 0.5 559f0b477768393544b6345c
20150711_182336 50 1 1 300 100000 103765041 181 10000 9819 0 0 181 0 0 0 0 0 0 0 10000 50 0 1000 7 2.218 0.139 ../q3/./log/doc50cop1shlf1lif300_af0s1tTOTAL_gf10000i50d0m1000_seed103765041.log 82623 q3-extractinstructions.txt 20150711_182344 0.5 559f0b477768393544b6345d
20150711_182338 50 1 1 300 100000 141246882 166 10000 9834 0 0 166 0 0 0 0 0 0 0 10000 50 0 1000 1 2.189 0.156 ../q3/./log/doc50cop1shlf1lif300_af0s1tTOTAL_gf10000i50d0m1000_seed141246882.log 75473 q3-extractinstructions.txt 20150711_182347 0.5 559f0b477768393544b6345e
20150711_182340 50 1 1 300 100000 681028781 172 10000 9828 0 0 172 0 0 0 0 0 0 0 10000 50 0 1000 7 2.213 0.094 ../q3/./log/doc50cop1shlf1lif300_af0s1tTOTAL_gf10000i50d0m1000_seed681028781.log 82670 q3-extractinstructions.txt 20150711_182349 0.5 559f0b477768393544b6345f
20150711_182342 50 1 1 300 100000 117661523 173 10000 9827 0 0 173 0 0 0 0 0 0 0 10000 50 0 1000 6 2.071 0.14 ../q3/./log/doc50cop1shlf1lif300_af0s1tTOTAL_gf10000i50d0m1000_seed117661523.log 79190 q3-extractinstructions.txt 20150711_182351 0.5 559f0b477768393544b63460
20150711_182344 50 1 1 300 100000 105731136 189 10000 9811 0 0 189 0 0 0 0 0 0 0 10000 50 0 1000 7 2.178 0.172 ../q3/./log/doc50cop1shlf1lif300_af0s1tTOTAL_gf10000i50d0m1000_seed105731136.log 85136 q3-extractinstructions.txt 20150711_182353 0.5 559f0b477768393544b63461
20150711_182346 50 1 1 300 100000 967561224 191 10000 9809 0 0 191 0 0 0 0 0 0 0 10000 50 0 1000 4 2.121 0.125 ../q3/./log/doc50cop1shlf1lif300_af0s1tTOTAL_gf10000i50d0m1000_seed967561224.log 84261 q3-extractinstructions.txt 20150711_182355 0.5 559f0b477768393544b63462
20150711_182349 50 1 1 300 100000 420477893 177 10000 9823 0 0 177 0 0 0 0 0 0 0 10000 50 0 1000 4 2.158 0.173 ../q3/./log/doc50cop1shlf1lif300_af0s1tTOTAL_gf10000i50d0m1000_seed420477893.log 80686 q3-extractinstructions.txt 20150711_182357 0.5 559f0b477768393544b63463
20150711_182351 50 1 1 300 100000 263688301 168 10000 9832 0 0 168 0 0 0 0 0 0 0 10000 50 0 1000 5 2.052 0.124 ../q3/./log/doc50cop1shlf1lif300_af0s1tTOTAL_gf10000i50d0m1000_seed263688301.log 76839 q3-extractinstructions.txt 20150711_182359 0.5 559f0b477768393544b63464
20150711_182353 50 1 1 300 100000 50746969 155 10000 9845 0 0 155 0 0 0 0 0 0 0 10000 50 0 1000 9 1.996 0.124 ../q3/./log/doc50cop1shlf1lif300_af0s1tTOTAL_gf10000i50d0m1000_seed50746969.log 74438 q3-extractinstructions.txt 20150711_182401 0.5 559f0b477768393544b63465
20150711_182355 50 1 1 300 100000 533657980 186 10000 9814 0 0 186 0 0 0 0 0 0 0 10000 50 0 1000 10 2.055 0.125 ../q3/./log/doc50cop1shlf1lif300_af0s1tTOTAL_gf10000i50d0m1000_seed533657980.log 84986 q3-extractinstructions.txt 20150711_182403 0.5 559f0b477768393544b63466
20150711_182357 50 1 1 300 100000 711283608 163 10000 9837 0 0 163 0 0 0 0 0 0 0 10000 50 0 1000 7 2.020 0.203 ../q3/./log/doc50cop1shlf1lif300_af0s1tTOTAL_gf10000i50d0m1000_seed711283608.log 76612 q3-extractinstructions.txt 20150711_182405 0.5 559f0b477768393544b63467
20150711_182359 50 1 1 300 100000 597296547 166 10000 9834 0 0 166 0 0 0 0 0 0 0 10000 50 0 1000 4 2.094 0.156 ../q3/./log/doc50cop1shlf1lif300_af0s1tTOTAL_gf10000i50d0m1000_seed597296547.log 78585 q3-extractinstructions.txt 20150711_182407 0.5 559f0b477768393544b63468
20150711_182401 50 1 1 300 100000 664375964 172 10000 9828 0 0 172 0 0 0 0 0 0 0 10000 50 0 1000 9 2.120 0.078 ../q3/./log/doc50cop1shlf1lif300_af0s1tTOTAL_gf10000i50d0m1000_seed664375964.log 81040 q3-extractinstructions.txt 20150711_182409 0.5 559f0b477768393544b63469
20150711_182403 50 1 1 300 100000 258760793 167 10000 9833 0 0 167 0 0 0 0 0 0 0 10000 50 0 1000 3 2.091 0.156 ../q3/./log/doc50cop1shlf1lif300_af0s1tTOTAL_gf10000i50d0m1000_seed258760793.log 77508 q3-extractinstructions.txt 20150711_182412 0.5 559f0b477768393544b6346a
20150711_182406 50 1 1 300 100000 666549275 171 10000 9829 0 0 171 0 0 0 0 0 0 0 10000 50 0 1000 5 2.084 0.172 ../q3/./log/doc50cop1shlf1lif300_af0s1tTOTAL_gf10000i50d0m1000_seed666549275.log 77874 q3-extractinstructions.txt 20150711_182414 0.5 559f0b477768393544b6346b
20150711_182408 50 1 1 300 100000 376517787 161 10000 9839 0 0 161 0 0 0 0 0 0 0 10000 50 0 1000 6 1.966 0.14 ../q3/./log/doc50cop1shlf1lif300_af0s1tTOTAL_gf10000i50d0m1000_seed376517787.log 74472 q3-extractinstructions.txt 20150711_182416 0.5 559f0b477768393544b6346c
20150711_182410 50 1 1 300 100000 817713633 143 10000 9857 0 0 143 0 0 0 0 0 0 0 10000 50 0 1000 8 1.950 0.125 ../q3/./log/doc50cop1shlf1lif300_af0s1tTOTAL_gf10000i50d0m1000_seed817713633.log 72540 q3-extractinstructions.txt 20150711_182418 0.5 559f0b477768393544b6346d
20150711_182412 50 1 1 300 100000 519606501 192 10000 9808 0 0 192 0 0 0 0 0 0 0 10000 50 0 1000 6 2.060 0.172 ../q3/./log/doc50cop1shlf1lif300_af0s1tTOTAL_gf10000i50d0m1000_seed519606501.log 86127 q3-extractinstructions.txt 20150711_182420 0.5 559f0b477768393544b6346e
20150711_182414 50 1 1 300 100000 715258232 159 10000 9841 0 0 159 0 0 0 0 0 0 0 10000 50 0 1000 11 2.028 0.093 ../q3/./log/doc50cop1shlf1lif300_af0s1tTOTAL_gf10000i50d0m1000_seed715258232.log 78518 q3-extractinstructions.txt 20150711_182422 0.5 559f0b477768393544b6346f
20150711_182416 50 1 1 300 100000 792850679 179 10000 9821 0 0 179 0 0 0 0 0 0 0 10000 50 0 1000 3 2.065 0.094 ../q3/./log/doc50cop1shlf1lif300_af0s1tTOTAL_gf10000i50d0m1000_seed792850679.log 78665 q3-extractinstructions.txt 20150711_182424 0.5 559f0b477768393544b63470
20150711_182418 50 1 1 500 100000 919028296 118 10000 9882 0 0 118 0 0 0 0 0 0 0 10000 50 0 1000 8 1.954 0.109 ../q3/./log/doc50cop1shlf1lif500_af0s1tTOTAL_gf10000i50d0m1000_seed919028296.log 56049 q3-extractinstructions.txt 20150711_182426 0.5 559f0b477768393544b634da
20150711_182421 50 1 1 500 100000 103765041 112 10000 9888 0 0 112 0 0 0 0 0 0 0 10000 50 0 1000 5 1.870 0.063 ../q3/./log/doc50cop1shlf1lif500_af0s1tTOTAL_gf10000i50d0m1000_seed103765041.log 54818 q3-extractinstructions.txt 20150711_182428 0.5 559f0b477768393544b634db
20150711_182422 50 1 1 500 100000 141246882 106 10000 9894 0 0 106 0 0 0 0 0 0 0 10000 50 0 1000 1 1.851 0.077 ../q3/./log/doc50cop1shlf1lif500_af0s1tTOTAL_gf10000i50d0m1000_seed141246882.log 51275 q3-extractinstructions.txt 20150711_182430 0.5 559f0b477768393544b634dc
20150711_182425 50 1 1 500 100000 681028781 110 10000 9890 0 0 110 0 0 0 0 0 0 0 10000 50 0 1000 6 1.760 0.093 ../q3/./log/doc50cop1shlf1lif500_af0s1tTOTAL_gf10000i50d0m1000_seed681028781.log 54593 q3-extractinstructions.txt 20150711_182432 0.5 559f0b477768393544b634dd
20150711_182427 50 1 1 500 100000 117661523 114 10000 9886 0 0 114 0 0 0 0 0 0 0 10000 50 0 1000 6 1.809 0.078 ../q3/./log/doc50cop1shlf1lif500_af0s1tTOTAL_gf10000i50d0m1000_seed117661523.log 55342 q3-extractinstructions.txt 20150711_182434 0.5 559f0b477768393544b634de
20150711_182429 50 1 1 500 100000 105731136 119 10000 9881 0 0 119 0 0 0 0 0 0 0 10000 50 0 1000 8 1.957 0.062 ../q3/./log/doc50cop1shlf1lif500_af0s1tTOTAL_gf10000i50d0m1000_seed105731136.log 58132 q3-extractinstructions.txt 20150711_182437 0.5 559f0b477768393544b634df
20150711_182431 50 1 1 500 100000 967561224 114 10000 9886 0 0 114 0 0 0 0 0 0 0 10000 50 0 1000 5 1.795 0.062 ../q3/./log/doc50cop1shlf1lif500_af0s1tTOTAL_gf10000i50d0m1000_seed967561224.log 55789 q3-extractinstructions.txt 20150711_182439 0.5 559f0b477768393544b634e0
20150711_182433 50 1 1 500 100000 420477893 111 10000 9889 0 0 111 0 0 0 0 0 0 0 10000 50 0 1000 8 1.887 0.109 ../q3/./log/doc50cop1shlf1lif500_af0s1tTOTAL_gf10000i50d0m1000_seed420477893.log 55515 q3-extractinstructions.txt 20150711_182441 0.5 559f0b477768393544b634e1
20150711_182435 50 1 1 500 100000 263688301 99 10000 9901 0 0 99 0 0 0 0 0 0 0 10000 50 0 1000 8 1.842 0.063 ../q3/./log/doc50cop1shlf1lif500_af0s1tTOTAL_gf10000i50d0m1000_seed263688301.log 52070 q3-extractinstructions.txt 20150711_182443 0.5 559f0b477768393544b634e2
20150711_182437 50 1 1 500 100000 50746969 110 10000 9890 0 0 110 0 0 0 0 0 0 0 10000 50 0 1000 5 1.809 0.125 ../q3/./log/doc50cop1shlf1lif500_af0s1tTOTAL_gf10000i50d0m1000_seed50746969.log 54534 q3-extractinstructions.txt 20150711_182445 0.5 559f0b477768393544b634e3
20150711_182439 50 1 1 500 100000 533657980 111 10000 9889 0 0 111 0 0 0 0 0 0 0 10000 50 0 1000 7 1.900 0.093 ../q3/./log/doc50cop1shlf1lif500_af0s1tTOTAL_gf10000i50d0m1000_seed533657980.log 56097 q3-extractinstructions.txt 20150711_182447 0.5 559f0b477768393544b634e4
20150711_182442 50 1 1 500 100000 711283608 93 10000 9907 0 0 93 0 0 0 0 0 0 0 10000 50 0 1000 4 1.759 0.093 ../q3/./log/doc50cop1shlf1lif500_af0s1tTOTAL_gf10000i50d0m1000_seed711283608.log 46914 q3-extractinstructions.txt 20150711_182449 0.5 559f0b477768393544b634e5
20150711_182444 50 1 1 500 100000 597296547 106 10000 9894 0 0 106 0 0 0 0 0 0 0 10000 50 0 1000 7 1.822 0.078 ../q3/./log/doc50cop1shlf1lif500_af0s1tTOTAL_gf10000i50d0m1000_seed597296547.log 55314 q3-extractinstructions.txt 20150711_182451 0.5 559f0b477768393544b634e6
20150711_182446 50 1 1 500 100000 664375964 103 10000 9897 0 0 103 0 0 0 0 0 0 0 10000 50 0 1000 8 1.796 0.125 ../q3/./log/doc50cop1shlf1lif500_af0s1tTOTAL_gf10000i50d0m1000_seed664375964.log 52223 q3-extractinstructions.txt 20150711_182454 0.5 559f0b477768393544b634e7
20150711_182448 50 1 1 500 100000 258760793 95 10000 9905 0 0 95 0 0 0 0 0 0 0 10000 50 0 1000 1 1.742 0.062 ../q3/./log/doc50cop1shlf1lif500_af0s1tTOTAL_gf10000i50d0m1000_seed258760793.log 46109 q3-extractinstructions.txt 20150711_182455 0.5 559f0b477768393544b634e8
20150711_182450 50 1 1 500 100000 666549275 98 10000 9902 0 0 98 0 0 0 0 0 0 0 10000 50 0 1000 6 1.753 0.063 ../q3/./log/doc50cop1shlf1lif500_af0s1tTOTAL_gf10000i50d0m1000_seed666549275.log 50773 q3-extractinstructions.txt 20150711_182458 0.5 559f0b477768393544b634e9
20150711_182452 50 1 1 500 100000 376517787 89 10000 9911 0 0 89 0 0 0 0 0 0 0 10000 50 0 1000 6 1.771 0.063 ../q3/./log/doc50cop1shlf1lif500_af0s1tTOTAL_gf10000i50d0m1000_seed376517787.log 47238 q3-extractinstructions.txt 20150711_182500 0.5 559f0b477768393544b634ea
20150711_182454 50 1 1 500 100000 817713633 95 10000 9905 0 0 95 0 0 0 0 0 0 0 10000 50 0 1000 5 1.759 0.063 ../q3/./log/doc50cop1shlf1lif500_af0s1tTOTAL_gf10000i50d0m1000_seed817713633.log 51252 q3-extractinstructions.txt 20150711_182502 0.5 559f0b477768393544b634eb
20150711_182456 50 1 1 500 100000 519606501 125 10000 9875 0 0 125 0 0 0 0 0 0 0 10000 50 0 1000 10 1.878 0.094 ../q3/./log/doc50cop1shlf1lif500_af0s1tTOTAL_gf10000i50d0m1000_seed519606501.log 60429 q3-extractinstructions.txt 20150711_182504 0.5 559f0b477768393544b634ec
20150711_182458 50 1 1 500 100000 715258232 94 10000 9906 0 0 94 0 0 0 0 0 0 0 10000 50 0 1000 11 1.780 0.093 ../q3/./log/doc50cop1shlf1lif500_af0s1tTOTAL_gf10000i50d0m1000_seed715258232.log 50264 q3-extractinstructions.txt 20150711_182506 0.5 559f0b477768393544b634ed
20150711_182501 50 1 1 500 100000 792850679 99 10000 9901 0 0 99 0 0 0 0 0 0 0 10000 50 0 1000 1 1.769 0.078 ../q3/./log/doc50cop1shlf1lif500_af0s1tTOTAL_gf10000i50d0m1000_seed792850679.log 47190 q3-extractinstructions.txt 20150711_182508 0.5 559f0b477768393544b634ee
20150711_182503 50 1 1 1000 100000 919028296 66 10000 9934 0 0 66 0 0 0 0 0 0 0 10000 50 0 1000 9 1.651 0.062 ../q3/./log/doc50cop1shlf1lif1000_af0s1tTOTAL_gf10000i50d0m1000_seed919028296.log 37312 q3-extractinstructions.txt 20150711_182510 0.5 559f0b477768393544b63558
20150711_182505 50 1 1 1000 100000 103765041 60 10000 9940 0 0 60 0 0 0 0 0 0 0 10000 50 0 1000 10 1.650 0.046 ../q3/./log/doc50cop1shlf1lif1000_af0s1tTOTAL_gf10000i50d0m1000_seed103765041.log 38005 q3-extractinstructions.txt 20150711_182512 0.5 559f0b477768393544b63559
20150711_182507 50 1 1 1000 100000 141246882 54 10000 9946 0 0 54 0 0 0 0 0 0 0 10000 50 0 1000 1 1.643 0.031 ../q3/./log/doc50cop1shlf1lif1000_af0s1tTOTAL_gf10000i50d0m1000_seed141246882.log 30804 q3-extractinstructions.txt 20150711_182514 0.5 559f0b477768393544b6355a
20150711_182509 50 1 1 1000 100000 681028781 51 10000 9949 0 0 51 0 0 0 0 0 0 0 10000 50 0 1000 13 1.623 0.031 ../q3/./log/doc50cop1shlf1lif1000_af0s1tTOTAL_gf10000i50d0m1000_seed681028781.log 34043 q3-extractinstructions.txt 20150711_182516 0.5 559f0b477768393544b6355b
20150711_182511 50 1 1 1000 100000 117661523 61 10000 9939 0 0 61 0 0 0 0 0 0 0 10000 50 0 1000 6 1.654 0.077 ../q3/./log/doc50cop1shlf1lif1000_af0s1tTOTAL_gf10000i50d0m1000_seed117661523.log 34671 q3-extractinstructions.txt 20150711_182519 0.5 559f0b477768393544b6355c
20150711_182513 50 1 1 1000 100000 105731136 59 10000 9941 0 0 59 0 0 0 0 0 0 0 10000 50 0 1000 6 1.624 0.015 ../q3/./log/doc50cop1shlf1lif1000_af0s1tTOTAL_gf10000i50d0m1000_seed105731136.log 33844 q3-extractinstructions.txt 20150711_182521 0.5 559f0b477768393544b6355d
20150711_182515 50 1 1 1000 100000 967561224 44 10000 9956 0 0 44 0 0 0 0 0 0 0 10000 50 0 1000 5 1.662 0.0 ../q3/./log/doc50cop1shlf1lif1000_af0s1tTOTAL_gf10000i50d0m1000_seed967561224.log 29745 q3-extractinstructions.txt 20150711_182523 0.5 559f0b477768393544b6355e
20150711_182518 50 1 1 1000 100000 420477893 57 10000 9943 0 0 57 0 0 0 0 0 0 0 10000 50 0 1000 4 1.722 0.078 ../q3/./log/doc50cop1shlf1lif1000_af0s1tTOTAL_gf10000i50d0m1000_seed420477893.log 33146 q3-extractinstructions.txt 20150711_182525 0.5 559f0b477768393544b6355f
20150711_182520 50 1 1 1000 100000 263688301 51 10000 9949 0 0 51 0 0 0 0 0 0 0 10000 50 0 1000 8 1.630 0.063 ../q3/./log/doc50cop1shlf1lif1000_af0s1tTOTAL_gf10000i50d0m1000_seed263688301.log 32322 q3-extractinstructions.txt 20150711_182527 0.5 559f0b477768393544b63560
20150711_182522 50 1 1 1000 100000 50746969 59 10000 9941 0 0 59 0 0 0 0 0 0 0 10000 50 0 1000 6 1.535 0.016 ../q3/./log/doc50cop1shlf1lif1000_af0s1tTOTAL_gf10000i50d0m1000_seed50746969.log 34866 q3-extractinstructions.txt 20150711_182529 0.5 559f0b477768393544b63561
20150711_182524 50 1 1 1000 100000 533657980 60 10000 9940 0 0 60 0 0 0 0 0 0 0 10000 50 0 1000 7 1.614 0.016 ../q3/./log/doc50cop1shlf1lif1000_af0s1tTOTAL_gf10000i50d0m1000_seed533657980.log 36119 q3-extractinstructions.txt 20150711_182531 0.5 559f0b477768393544b63562
20150711_182526 50 1 1 1000 100000 711283608 49 10000 9951 0 0 49 0 0 0 0 0 0 0 10000 50 0 1000 3 1.605 0.063 ../q3/./log/doc50cop1shlf1lif1000_af0s1tTOTAL_gf10000i50d0m1000_seed711283608.log 30164 q3-extractinstructions.txt 20150711_182534 0.5 559f0b477768393544b63563
20150711_182528 50 1 1 1000 100000 597296547 55 10000 9945 0 0 55 0 0 0 0 0 0 0 10000 50 0 1000 6 1.623 0.032 ../q3/./log/doc50cop1shlf1lif1000_af0s1tTOTAL_gf10000i50d0m1000_seed597296547.log 34397 q3-extractinstructions.txt 20150711_182536 0.5 559f0b477768393544b63564
20150711_182530 50 1 1 1000 100000 664375964 60 10000 9940 0 0 60 0 0 0 0 0 0 0 10000 50 0 1000 7 1.852 0.047 ../q3/./log/doc50cop1shlf1lif1000_af0s1tTOTAL_gf10000i50d0m1000_seed664375964.log 35004 q3-extractinstructions.txt 20150711_182538 0.5 559f0b477768393544b63565
20150711_182533 50 1 1 1000 100000 258760793 41 10000 9959 0 0 41 0 0 0 0 0 0 0 10000 50 0 1000 2 1.619 0.031 ../q3/./log/doc50cop1shlf1lif1000_af0s1tTOTAL_gf10000i50d0m1000_seed258760793.log 26653 q3-extractinstructions.txt 20150711_182541 0.5 559f0b477768393544b63566
20150711_182535 50 1 1 1000 100000 666549275 61 10000 9939 0 0 61 0 0 0 0 0 0 0 10000 50 0 1000 4 1.739 0.031 ../q3/./log/doc50cop1shlf1lif1000_af0s1tTOTAL_gf10000i50d0m1000_seed666549275.log 35323 q3-extractinstructions.txt 20150711_182543 0.5 559f0b477768393544b63567
20150711_182537 50 1 1 1000 100000 376517787 48 10000 9952 0 0 48 0 0 0 0 0 0 0 10000 50 0 1000 11 1.689 0.015 ../q3/./log/doc50cop1shlf1lif1000_af0s1tTOTAL_gf10000i50d0m1000_seed376517787.log 33802 q3-extractinstructions.txt 20150711_182544 0.5 559f0b477768393544b63568
20150711_182539 50 1 1 1000 100000 817713633 48 10000 9952 0 0 48 0 0 0 0 0 0 0 10000 50 0 1000 6 1.577 0.047 ../q3/./log/doc50cop1shlf1lif1000_af0s1tTOTAL_gf10000i50d0m1000_seed817713633.log 31182 q3-extractinstructions.txt 20150711_182546 0.5 559f0b477768393544b63569
20150711_182541 50 1 1 1000 100000 519606501 61 10000 9939 0 0 61 0 0 0 0 0 0 0 10000 50 0 1000 5 1.630 0.063 ../q3/./log/doc50cop1shlf1lif1000_af0s1tTOTAL_gf10000i50d0m1000_seed519606501.log 34450 q3-extractinstructions.txt 20150711_182549 0.5 559f0b477768393544b6356a
20150711_182543 50 1 1 1000 100000 715258232 45 10000 9955 0 0 45 0 0 0 0 0 0 0 10000 50 0 1000 7 1.560 0.031 ../q3/./log/doc50cop1shlf1lif1000_af0s1tTOTAL_gf10000i50d0m1000_seed715258232.log 30117 q3-extractinstructions.txt 20150711_182551 0.5 559f0b477768393544b6356b
20150711_182545 50 1 1 1000 100000 792850679 51 10000 9949 0 0 51 0 0 0 0 0 0 0 10000 50 0 1000 3 1.570 0.062 ../q3/./log/doc50cop1shlf1lif1000_af0s1tTOTAL_gf10000i50d0m1000_seed792850679.log 30660 q3-extractinstructions.txt 20150711_182553 0.5 559f0b477768393544b6356c
20150711_182547 50 1 1 2000 100000 919028296 33 10000 9967 0 0 33 0 0 0 0 0 0 0 10000 50 0 1000 6 1.551 0.032 ../q3/./log/doc50cop1shlf1lif2000_af0s1tTOTAL_gf10000i50d0m1000_seed919028296.log 23788 q3-extractinstructions.txt 20150711_182555 0.5 559f0b477768393544b635d6
20150711_182550 50 1 1 2000 100000 103765041 34 10000 9966 0 0 34 0 0 0 0 0 0 0 10000 50 0 1000 9 1.657 0.016 ../q3/./log/doc50cop1shlf1lif2000_af0s1tTOTAL_gf10000i50d0m1000_seed103765041.log 26197 q3-extractinstructions.txt 20150711_182557 0.5 559f0b477768393544b635d7
20150711_182552 50 1 1 2000 100000 141246882 19 10000 9981 0 0 19 0 0 0 0 0 0 0 10000 50 0 1000 1 1.498 0.016 ../q3/./log/doc50cop1shlf1lif2000_af0s1tTOTAL_gf10000i50d0m1000_seed141246882.log 17461 q3-extractinstructions.txt 20150711_182559 0.5 559f0b477768393544b635d8
20150711_182554 50 1 1 2000 100000 681028781 30 10000 9970 0 0 30 0 0 0 0 0 0 0 10000 50 0 1000 5 1.606 0.031 ../q3/./log/doc50cop1shlf1lif2000_af0s1tTOTAL_gf10000i50d0m1000_seed681028781.log 23088 q3-extractinstructions.txt 20150711_182602 0.5 559f0b477768393544b635d9
20150711_182556 50 1 1 2000 100000 117661523 28 10000 9972 0 0 28 0 0 0 0 0 0 0 10000 50 0 1000 6 1.506 0.031 ../q3/./log/doc50cop1shlf1lif2000_af0s1tTOTAL_gf10000i50d0m1000_seed117661523.log 21775 q3-extractinstructions.txt 20150711_182603 0.5 559f0b477768393544b635da
20150711_182558 50 1 1 2000 100000 105731136 37 10000 9963 0 0 37 0 0 0 0 0 0 0 10000 50 0 1000 7 1.584 0.015 ../q3/./log/doc50cop1shlf1lif2000_af0s1tTOTAL_gf10000i50d0m1000_seed105731136.log 25642 q3-extractinstructions.txt 20150711_182606 0.5 559f0b477768393544b635db
20150711_182600 50 1 1 2000 100000 967561224 23 10000 9977 0 0 23 0 0 0 0 0 0 0 10000 50 0 1000 4 1.780 0.015 ../q3/./log/doc50cop1shlf1lif2000_af0s1tTOTAL_gf10000i50d0m1000_seed967561224.log 18912 q3-extractinstructions.txt 20150711_182608 0.5 559f0b477768393544b635dc
20150711_182603 50 1 1 2000 100000 420477893 26 10000 9974 0 0 26 0 0 0 0 0 0 0 10000 50 0 1000 3 1.503 0.031 ../q3/./log/doc50cop1shlf1lif2000_af0s1tTOTAL_gf10000i50d0m1000_seed420477893.log 20227 q3-extractinstructions.txt 20150711_182610 0.5 559f0b477768393544b635dd
20150711_182605 50 1 1 2000 100000 263688301 28 10000 9972 0 0 28 0 0 0 0 0 0 0 10000 50 0 1000 4 1.471 0.0 ../q3/./log/doc50cop1shlf1lif2000_af0s1tTOTAL_gf10000i50d0m1000_seed263688301.log 22086 q3-extractinstructions.txt 20150711_182612 0.5 559f0b477768393544b635de
20150711_182607 50 1 1 2000 100000 50746969 25 10000 9975 0 0 25 0 0 0 0 0 0 0 10000 50 0 1000 5 1.474 0.032 ../q3/./log/doc50cop1shlf1lif2000_af0s1tTOTAL_gf10000i50d0m1000_seed50746969.log 22073 q3-extractinstructions.txt 20150711_182614 0.5 559f0b477768393544b635df
20150711_182609 50 1 1 2000 100000 533657980 26 10000 9974 0 0 26 0 0 0 0 0 0 0 10000 50 0 1000 10 1.581 0.0 ../q3/./log/doc50cop1shlf1lif2000_af0s1tTOTAL_gf10000i50d0m1000_seed533657980.log 22799 q3-extractinstructions.txt 20150711_182616 0.5 559f0b477768393544b635e0
20150711_182611 50 1 1 2000 100000 711283608 26 10000 9974 0 0 26 0 0 0 0 0 0 0 10000 50 0 1000 5 1.506 0.015 ../q3/./log/doc50cop1shlf1lif2000_af0s1tTOTAL_gf10000i50d0m1000_seed711283608.log 21495 q3-extractinstructions.txt 20150711_182619 0.5 559f0b477768393544b635e1
20150711_182613 50 1 1 2000 100000 597296547 33 10000 9967 0 0 33 0 0 0 0 0 0 0 10000 50 0 1000 1 1.505 0.031 ../q3/./log/doc50cop1shlf1lif2000_af0s1tTOTAL_gf10000i50d0m1000_seed597296547.log 23145 q3-extractinstructions.txt 20150711_182620 0.5 559f0b477768393544b635e2
20150711_182615 50 1 1 2000 100000 664375964 20 10000 9980 0 0 20 0 0 0 0 0 0 0 10000 50 0 1000 8 1.604 0.0 ../q3/./log/doc50cop1shlf1lif2000_af0s1tTOTAL_gf10000i50d0m1000_seed664375964.log 20217 q3-extractinstructions.txt 20150711_182623 0.5 559f0b477768393544b635e3
20150711_182617 50 1 1 2000 100000 258760793 24 10000 9976 0 0 24 0 0 0 0 0 0 0 10000 50 0 1000 4 1.496 0.016 ../q3/./log/doc50cop1shlf1lif2000_af0s1tTOTAL_gf10000i50d0m1000_seed258760793.log 20935 q3-extractinstructions.txt 20150711_182625 0.5 559f0b477768393544b635e4
20150711_182620 50 1 1 2000 100000 666549275 30 10000 9970 0 0 30 0 0 0 0 0 0 0 10000 50 0 1000 7 1.536 0.031 ../q3/./log/doc50cop1shlf1lif2000_af0s1tTOTAL_gf10000i50d0m1000_seed666549275.log 24492 q3-extractinstructions.txt 20150711_182627 0.5 559f0b477768393544b635e5
20150711_182622 50 1 1 2000 100000 376517787 32 10000 9968 0 0 32 0 0 0 0 0 0 0 10000 50 0 1000 5 1.535 0.015 ../q3/./log/doc50cop1shlf1lif2000_af0s1tTOTAL_gf10000i50d0m1000_seed376517787.log 23071 q3-extractinstructions.txt 20150711_182629 0.5 559f0b477768393544b635e6
20150711_182624 50 1 1 2000 100000 817713633 33 10000 9967 0 0 33 0 0 0 0 0 0 0 10000 50 0 1000 6 1.482 0.0 ../q3/./log/doc50cop1shlf1lif2000_af0s1tTOTAL_gf10000i50d0m1000_seed817713633.log 24213 q3-extractinstructions.txt 20150711_182631 0.5 559f0b477768393544b635e7
20150711_182626 50 1 1 2000 100000 519606501 28 10000 9972 0 0 28 0 0 0 0 0 0 0 10000 50 0 1000 6 1.516 0.016 ../q3/./log/doc50cop1shlf1lif2000_af0s1tTOTAL_gf10000i50d0m1000_seed519606501.log 22933 q3-extractinstructions.txt 20150711_182633 0.5 559f0b477768393544b635e8
20150711_182628 50 1 1 2000 100000 715258232 24 10000 9976 0 0 24 0 0 0 0 0 0 0 10000 50 0 1000 5 1.483 0.015 ../q3/./log/doc50cop1shlf1lif2000_af0s1tTOTAL_gf10000i50d0m1000_seed715258232.log 20897 q3-extractinstructions.txt 20150711_182635 0.5 559f0b477768393544b635e9
20150711_182630 50 1 1 2000 100000 792850679 23 10000 9977 0 0 23 0 0 0 0 0 0 0 10000 50 0 1000 1 1.371 0.0 ../q3/./log/doc50cop1shlf1lif2000_af0s1tTOTAL_gf10000i50d0m1000_seed792850679.log 18923 q3-extractinstructions.txt 20150711_182637 0.5 559f0b477768393544b635ea
