timestamp docsize shelfsize copies lifem simlength seed lost docstotal docsokay docsrepairedmajority docsrepairedminority docslost auditcycles auditfrequency auditsegments auditrepairs auditmajority auditminority auditlost glitchfreq glitchimpact glitchdecay glitchmaxlife nglitches walltime cputime logfilename logfilesize instructionfilename todaysdatetime extractorversion mongoid
20150711_183715 50 1 1 3 100000 919028296 8479 10000 1521 0 0 8479 0 0 0 0 0 0 0 10000 67 0 1000 6 31.700 8.018 ../q3/./log/doc50cop1shlf1lif3_af0s1tTOTAL_gf10000i67d0m1000_seed919028296.log 3685233 q3-extractinstructions.txt 20150711_183812 0.5 559f0b6f7768393544b7c9ec
20150711_183717 50 1 1 3 100000 103765041 8438 10000 1562 0 0 8438 0 0 0 0 0 0 0 10000 67 0 1000 7 31.359 7.893 ../q3/./log/doc50cop1shlf1lif3_af0s1tTOTAL_gf10000i67d0m1000_seed103765041.log 3673609 q3-extractinstructions.txt 20150711_183814 0.5 559f0b6f7768393544b7c9ed
20150711_183720 50 1 1 3 100000 141246882 8292 10000 1708 0 0 8292 0 0 0 0 0 0 0 10000 67 0 1000 3 31.113 8.159 ../q3/./log/doc50cop1shlf1lif3_af0s1tTOTAL_gf10000i67d0m1000_seed141246882.log 3599711 q3-extractinstructions.txt 20150711_183816 0.5 559f0b6f7768393544b7c9ee
20150711_183722 50 1 1 3 100000 681028781 8653 10000 1347 0 0 8653 0 0 0 0 0 0 0 10000 67 0 1000 9 33.459 9.844 ../q3/./log/doc50cop1shlf1lif3_af0s1tTOTAL_gf10000i67d0m1000_seed681028781.log 3773554 q3-extractinstructions.txt 20150711_183822 0.5 559f0b6f7768393544b7c9ef
20150711_183724 50 1 1 3 100000 117661523 8546 10000 1454 0 0 8546 0 0 0 0 0 0 0 10000 67 0 1000 8 34.617 8.534 ../q3/./log/doc50cop1shlf1lif3_af0s1tTOTAL_gf10000i67d0m1000_seed117661523.log 3708755 q3-extractinstructions.txt 20150711_183825 0.5 559f0b6f7768393544b7c9f0
20150711_183726 50 1 1 3 100000 105731136 8290 10000 1710 0 0 8290 0 0 0 0 0 0 0 10000 67 0 1000 4 36.354 8.392 ../q3/./log/doc50cop1shlf1lif3_af0s1tTOTAL_gf10000i67d0m1000_seed105731136.log 3598531 q3-extractinstructions.txt 20150711_183828 0.5 559f0b6f7768393544b7c9f1
20150711_183728 50 1 1 3 100000 967561224 8288 10000 1712 0 0 8288 0 0 0 0 0 0 0 10000 67 0 1000 3 42.022 8.548 ../q3/./log/doc50cop1shlf1lif3_af0s1tTOTAL_gf10000i67d0m1000_seed967561224.log 3596338 q3-extractinstructions.txt 20150711_183835 0.5 559f0b6f7768393544b7c9f2
20150711_183731 50 1 1 3 100000 420477893 8426 10000 1574 0 0 8426 0 0 0 0 0 0 0 10000 67 0 1000 5 45.182 8.315 ../q3/./log/doc50cop1shlf1lif3_af0s1tTOTAL_gf10000i67d0m1000_seed420477893.log 3651051 q3-extractinstructions.txt 20150711_183841 0.5 559f0b6f7768393544b7c9f3
20150711_183753 50 1 1 3 100000 263688301 8595 10000 1405 0 0 8595 0 0 0 0 0 0 0 10000 67 0 1000 10 52.684 6.739 ../q3/./log/doc50cop1shlf1lif3_af0s1tTOTAL_gf10000i67d0m1000_seed263688301.log 3730218 q3-extractinstructions.txt 20150711_183911 0.5 559f0b6f7768393544b7c9f4
20150711_183826 50 1 1 3 100000 50746969 8361 10000 1639 0 0 8361 0 0 0 0 0 0 0 10000 67 0 1000 4 36.772 8.268 ../q3/./log/doc50cop1shlf1lif3_af0s1tTOTAL_gf10000i67d0m1000_seed50746969.log 3627155 q3-extractinstructions.txt 20150711_183929 0.5 559f0b6f7768393544b7c9f5
20150711_183829 50 1 1 3 100000 533657980 8455 10000 1545 0 0 8455 0 0 0 0 0 0 0 10000 67 0 1000 6 37.226 8.19 ../q3/./log/doc50cop1shlf1lif3_af0s1tTOTAL_gf10000i67d0m1000_seed533657980.log 3674471 q3-extractinstructions.txt 20150711_183933 0.5 559f0b6f7768393544b7c9f6
20150711_183831 50 1 1 3 100000 711283608 8391 10000 1609 0 0 8391 0 0 0 0 0 0 0 10000 67 0 1000 7 36.113 8.534 ../q3/./log/doc50cop1shlf1lif3_af0s1tTOTAL_gf10000i67d0m1000_seed711283608.log 3653322 q3-extractinstructions.txt 20150711_183934 0.5 559f0b6f7768393544b7c9f7
20150711_183833 50 1 1 3 100000 597296547 8305 10000 1695 0 0 8305 0 0 0 0 0 0 0 10000 67 0 1000 4 34.971 8.346 ../q3/./log/doc50cop1shlf1lif3_af0s1tTOTAL_gf10000i67d0m1000_seed597296547.log 3599610 q3-extractinstructions.txt 20150711_183934 0.5 559f0b6f7768393544b7c9f8
20150711_183844 50 1 1 3 100000 664375964 8390 10000 1610 0 0 8390 0 0 0 0 0 0 0 10000 67 0 1000 4 49.838 7.862 ../q3/./log/doc50cop1shlf1lif3_af0s1tTOTAL_gf10000i67d0m1000_seed664375964.log 3633321 q3-extractinstructions.txt 20150711_183958 0.5 559f0b6f7768393544b7c9f9
20150711_183846 50 1 1 3 100000 258760793 8320 10000 1680 0 0 8320 0 0 0 0 0 0 0 10000 67 0 1000 2 49.488 8.098 ../q3/./log/doc50cop1shlf1lif3_af0s1tTOTAL_gf10000i67d0m1000_seed258760793.log 3604219 q3-extractinstructions.txt 20150711_184000 0.5 559f0b6f7768393544b7c9fa
20150711_183850 50 1 1 3 100000 376517787 8393 10000 1607 0 0 8393 0 0 0 0 0 0 0 10000 67 0 1000 5 47.953 7.144 ../q3/./log/doc50cop1shlf1lif3_af0s1tTOTAL_gf10000i67d0m1000_seed376517787.log 3625800 q3-extractinstructions.txt 20150711_184004 0.5 559f0b6f7768393544b7c9fc
20150711_183848 50 1 1 3 100000 666549275 8573 10000 1427 0 0 8573 0 0 0 0 0 0 0 10000 67 0 1000 9 49.909 8.534 ../q3/./log/doc50cop1shlf1lif3_af0s1tTOTAL_gf10000i67d0m1000_seed666549275.log 3716850 q3-extractinstructions.txt 20150711_184004 0.5 559f0b6f7768393544b7c9fb
20150711_183914 50 1 1 3 100000 817713633 8357 10000 1643 0 0 8357 0 0 0 0 0 0 0 10000 67 0 1000 5 53.703 5.085 ../q3/./log/doc50cop1shlf1lif3_af0s1tTOTAL_gf10000i67d0m1000_seed817713633.log 3635219 q3-extractinstructions.txt 20150711_184032 0.5 559f0b6f7768393544b7c9fd
20150711_184003 50 1 1 5 100000 919028296 6756 10000 3244 0 0 6756 0 0 0 0 0 0 0 10000 67 0 1000 7 25.581 5.444 ../q3/./log/doc50cop1shlf1lif5_af0s1tTOTAL_gf10000i67d0m1000_seed919028296.log 2886018 q3-extractinstructions.txt 20150711_184051 0.5 559f0b6f7768393544b7ca6a
20150711_183947 50 1 1 3 100000 519606501 8545 10000 1455 0 0 8545 0 0 0 0 0 0 0 10000 67 0 1000 8 40.911 6.599 ../q3/./log/doc50cop1shlf1lif3_af0s1tTOTAL_gf10000i67d0m1000_seed519606501.log 3719665 q3-extractinstructions.txt 20150711_184055 0.5 559f0b6f7768393544b7c9fe
20150711_183952 50 1 1 3 100000 792850679 8435 10000 1565 0 0 8435 0 0 0 0 0 0 0 10000 67 0 1000 6 37.425 7.472 ../q3/./log/doc50cop1shlf1lif3_af0s1tTOTAL_gf10000i67d0m1000_seed792850679.log 3659924 q3-extractinstructions.txt 20150711_184056 0.5 559f0b6f7768393544b7ca00
20150711_183949 50 1 1 3 100000 715258232 8685 10000 1315 0 0 8685 0 0 0 0 0 0 0 10000 67 0 1000 10 39.440 7.02 ../q3/./log/doc50cop1shlf1lif3_af0s1tTOTAL_gf10000i67d0m1000_seed715258232.log 3773643 q3-extractinstructions.txt 20150711_184057 0.5 559f0b6f7768393544b7c9ff
20150711_184016 50 1 1 5 100000 141246882 6419 10000 3581 0 0 6419 0 0 0 0 0 0 0 10000 67 0 1000 2 28.257 5.741 ../q3/./log/doc50cop1shlf1lif5_af0s1tTOTAL_gf10000i67d0m1000_seed141246882.log 2733791 q3-extractinstructions.txt 20150711_184105 0.5 559f0b6f7768393544b7ca6c
20150711_184014 50 1 1 5 100000 103765041 6842 10000 3158 0 0 6842 0 0 0 0 0 0 0 10000 67 0 1000 9 31.345 6.645 ../q3/./log/doc50cop1shlf1lif5_af0s1tTOTAL_gf10000i67d0m1000_seed103765041.log 2935321 q3-extractinstructions.txt 20150711_184107 0.5 559f0b6f7768393544b7ca6b
20150711_184018 50 1 1 5 100000 681028781 6896 10000 3104 0 0 6896 0 0 0 0 0 0 0 10000 67 0 1000 11 32.100 5.85 ../q3/./log/doc50cop1shlf1lif5_af0s1tTOTAL_gf10000i67d0m1000_seed681028781.log 2944131 q3-extractinstructions.txt 20150711_184111 0.5 559f0b6f7768393544b7ca6d
20150711_184030 50 1 1 5 100000 117661523 6656 10000 3344 0 0 6656 0 0 0 0 0 0 0 10000 67 0 1000 5 35.150 6.303 ../q3/./log/doc50cop1shlf1lif5_af0s1tTOTAL_gf10000i67d0m1000_seed117661523.log 2832766 q3-extractinstructions.txt 20150711_184126 0.5 559f0b6f7768393544b7ca6e
20150711_184036 50 1 1 5 100000 967561224 6422 10000 3578 0 0 6422 0 0 0 0 0 0 0 10000 67 0 1000 3 33.144 5.881 ../q3/./log/doc50cop1shlf1lif5_af0s1tTOTAL_gf10000i67d0m1000_seed967561224.log 2726749 q3-extractinstructions.txt 20150711_184129 0.5 559f0b6f7768393544b7ca70
20150711_184032 50 1 1 5 100000 105731136 6757 10000 3243 0 0 6757 0 0 0 0 0 0 0 10000 67 0 1000 6 35.427 6.63 ../q3/./log/doc50cop1shlf1lif5_af0s1tTOTAL_gf10000i67d0m1000_seed105731136.log 2894055 q3-extractinstructions.txt 20150711_184129 0.5 559f0b6f7768393544b7ca6f
20150711_184107 50 1 1 5 100000 420477893 6603 10000 3397 0 0 6603 0 0 0 0 0 0 0 10000 67 0 1000 5 30.055 5.194 ../q3/./log/doc50cop1shlf1lif5_af0s1tTOTAL_gf10000i67d0m1000_seed420477893.log 2801008 q3-extractinstructions.txt 20150711_184158 0.5 559f0b6f7768393544b7ca71
20150711_184109 50 1 1 5 100000 263688301 6618 10000 3382 0 0 6618 0 0 0 0 0 0 0 10000 67 0 1000 4 29.512 5.554 ../q3/./log/doc50cop1shlf1lif5_af0s1tTOTAL_gf10000i67d0m1000_seed263688301.log 2806544 q3-extractinstructions.txt 20150711_184200 0.5 559f0b6f7768393544b7ca72
20150711_184112 50 1 1 5 100000 50746969 6953 10000 3047 0 0 6953 0 0 0 0 0 0 0 10000 67 0 1000 11 30.475 6.302 ../q3/./log/doc50cop1shlf1lif5_af0s1tTOTAL_gf10000i67d0m1000_seed50746969.log 2971319 q3-extractinstructions.txt 20150711_184204 0.5 559f0b6f7768393544b7ca73
20150711_184114 50 1 1 5 100000 533657980 6819 10000 3181 0 0 6819 0 0 0 0 0 0 0 10000 67 0 1000 8 30.026 6.022 ../q3/./log/doc50cop1shlf1lif5_af0s1tTOTAL_gf10000i67d0m1000_seed533657980.log 2913515 q3-extractinstructions.txt 20150711_184207 0.5 559f0b6f7768393544b7ca74
20150711_184117 50 1 1 5 100000 711283608 6693 10000 3307 0 0 6693 0 0 0 0 0 0 0 10000 67 0 1000 6 28.913 5.975 ../q3/./log/doc50cop1shlf1lif5_af0s1tTOTAL_gf10000i67d0m1000_seed711283608.log 2856688 q3-extractinstructions.txt 20150711_184208 0.5 559f0b6f7768393544b7ca75
20150711_184129 50 1 1 5 100000 597296547 6611 10000 3389 0 0 6611 0 0 0 0 0 0 0 10000 67 0 1000 5 27.946 4.743 ../q3/./log/doc50cop1shlf1lif5_af0s1tTOTAL_gf10000i67d0m1000_seed597296547.log 2810281 q3-extractinstructions.txt 20150711_184217 0.5 559f0b6f7768393544b7ca76
20150711_184140 50 1 1 5 100000 664375964 7012 10000 2988 0 0 7012 0 0 0 0 0 0 0 10000 67 0 1000 11 34.670 6.146 ../q3/./log/doc50cop1shlf1lif5_af0s1tTOTAL_gf10000i67d0m1000_seed664375964.log 2994761 q3-extractinstructions.txt 20150711_184235 0.5 559f0b6f7768393544b7ca77
20150711_184142 50 1 1 5 100000 258760793 6746 10000 3254 0 0 6746 0 0 0 0 0 0 0 10000 67 0 1000 5 33.327 6.193 ../q3/./log/doc50cop1shlf1lif5_af0s1tTOTAL_gf10000i67d0m1000_seed258760793.log 2871594 q3-extractinstructions.txt 20150711_184235 0.5 559f0b6f7768393544b7ca78
20150711_184145 50 1 1 5 100000 666549275 6864 10000 3136 0 0 6864 0 0 0 0 0 0 0 10000 67 0 1000 8 33.498 5.865 ../q3/./log/doc50cop1shlf1lif5_af0s1tTOTAL_gf10000i67d0m1000_seed666549275.log 2926347 q3-extractinstructions.txt 20150711_184239 0.5 559f0b6f7768393544b7ca79
20150711_184207 50 1 1 5 100000 376517787 6730 10000 3270 0 0 6730 0 0 0 0 0 0 0 10000 67 0 1000 6 31.644 5.507 ../q3/./log/doc50cop1shlf1lif5_af0s1tTOTAL_gf10000i67d0m1000_seed376517787.log 2862802 q3-extractinstructions.txt 20150711_184259 0.5 559f0b6f7768393544b7ca7a
20150711_184209 50 1 1 5 100000 817713633 6805 10000 3195 0 0 6805 0 0 0 0 0 0 0 10000 67 0 1000 9 31.978 5.289 ../q3/./log/doc50cop1shlf1lif5_af0s1tTOTAL_gf10000i67d0m1000_seed817713633.log 2910378 q3-extractinstructions.txt 20150711_184302 0.5 559f0b6f7768393544b7ca7b
20150711_184211 50 1 1 5 100000 519606501 6716 10000 3284 0 0 6716 0 0 0 0 0 0 0 10000 67 0 1000 6 31.199 4.976 ../q3/./log/doc50cop1shlf1lif5_af0s1tTOTAL_gf10000i67d0m1000_seed519606501.log 2857705 q3-extractinstructions.txt 20150711_184303 0.5 559f0b6f7768393544b7ca7c
20150711_184238 50 1 1 10 100000 919028296 4087 10000 5913 0 0 4087 0 0 0 0 0 0 0 10000 67 0 1000 3 21.081 2.575 ../q3/./log/doc50cop1shlf1lif10_af0s1tTOTAL_gf10000i67d0m1000_seed919028296.log 1700227 q3-extractinstructions.txt 20150711_184313 0.5 559f0b6f7768393544b7cae8
20150711_184225 50 1 1 5 100000 715258232 7046 10000 2954 0 0 7046 0 0 0 0 0 0 0 10000 67 0 1000 11 37.595 5.118 ../q3/./log/doc50cop1shlf1lif5_af0s1tTOTAL_gf10000i67d0m1000_seed715258232.log 3014822 q3-extractinstructions.txt 20150711_184323 0.5 559f0b6f7768393544b7ca7d
20150711_184237 50 1 1 5 100000 792850679 6539 10000 3461 0 0 6539 0 0 0 0 0 0 0 10000 67 0 1000 3 32.057 4.181 ../q3/./log/doc50cop1shlf1lif5_af0s1tTOTAL_gf10000i67d0m1000_seed792850679.log 2775497 q3-extractinstructions.txt 20150711_184329 0.5 559f0b6f7768393544b7ca7e
20150711_184251 50 1 1 10 100000 103765041 4192 10000 5808 0 0 4192 0 0 0 0 0 0 0 10000 67 0 1000 5 26.486 2.668 ../q3/./log/doc50cop1shlf1lif10_af0s1tTOTAL_gf10000i67d0m1000_seed103765041.log 1741055 q3-extractinstructions.txt 20150711_184332 0.5 559f0b6f7768393544b7cae9
20150711_184253 50 1 1 10 100000 141246882 4022 10000 5978 0 0 4022 0 0 0 0 0 0 0 10000 67 0 1000 1 25.218 2.652 ../q3/./log/doc50cop1shlf1lif10_af0s1tTOTAL_gf10000i67d0m1000_seed141246882.log 1676323 q3-extractinstructions.txt 20150711_184333 0.5 559f0b6f7768393544b7caea
20150711_184304 50 1 1 10 100000 681028781 4311 10000 5689 0 0 4311 0 0 0 0 0 0 0 10000 67 0 1000 6 29.372 2.168 ../q3/./log/doc50cop1shlf1lif10_af0s1tTOTAL_gf10000i67d0m1000_seed681028781.log 1791787 q3-extractinstructions.txt 20150711_184348 0.5 559f0b6f7768393544b7caeb
20150711_184308 50 1 1 10 100000 117661523 4231 10000 5769 0 0 4231 0 0 0 0 0 0 0 10000 67 0 1000 6 27.741 2.278 ../q3/./log/doc50cop1shlf1lif10_af0s1tTOTAL_gf10000i67d0m1000_seed117661523.log 1752458 q3-extractinstructions.txt 20150711_184350 0.5 559f0b6f7768393544b7caec
20150711_184311 50 1 1 10 100000 105731136 4166 10000 5834 0 0 4166 0 0 0 0 0 0 0 10000 67 0 1000 4 25.242 2.278 ../q3/./log/doc50cop1shlf1lif10_af0s1tTOTAL_gf10000i67d0m1000_seed105731136.log 1729418 q3-extractinstructions.txt 20150711_184351 0.5 559f0b6f7768393544b7caed
20150711_184322 50 1 1 10 100000 967561224 4194 10000 5806 0 0 4194 0 0 0 0 0 0 0 10000 67 0 1000 5 21.644 2.528 ../q3/./log/doc50cop1shlf1lif10_af0s1tTOTAL_gf10000i67d0m1000_seed967561224.log 1744201 q3-extractinstructions.txt 20150711_184358 0.5 559f0b6f7768393544b7caee
20150711_184325 50 1 1 10 100000 420477893 4274 10000 5726 0 0 4274 0 0 0 0 0 0 0 10000 67 0 1000 4 22.696 2.652 ../q3/./log/doc50cop1shlf1lif10_af0s1tTOTAL_gf10000i67d0m1000_seed420477893.log 1765550 q3-extractinstructions.txt 20150711_184401 0.5 559f0b6f7768393544b7caef
20150711_184335 50 1 1 10 100000 263688301 4357 10000 5643 0 0 4357 0 0 0 0 0 0 0 10000 67 0 1000 10 21.705 2.87 ../q3/./log/doc50cop1shlf1lif10_af0s1tTOTAL_gf10000i67d0m1000_seed263688301.log 1821961 q3-extractinstructions.txt 20150711_184411 0.5 559f0b6f7768393544b7caf0
20150711_184337 50 1 1 10 100000 50746969 4133 10000 5867 0 0 4133 0 0 0 0 0 0 0 10000 67 0 1000 4 21.334 2.964 ../q3/./log/doc50cop1shlf1lif10_af0s1tTOTAL_gf10000i67d0m1000_seed50746969.log 1717341 q3-extractinstructions.txt 20150711_184413 0.5 559f0b6f7768393544b7caf1
20150711_184340 50 1 1 10 100000 533657980 4479 10000 5521 0 0 4479 0 0 0 0 0 0 0 10000 67 0 1000 9 22.360 2.87 ../q3/./log/doc50cop1shlf1lif10_af0s1tTOTAL_gf10000i67d0m1000_seed533657980.log 1861145 q3-extractinstructions.txt 20150711_184417 0.5 559f0b6f7768393544b7caf2
20150711_184343 50 1 1 10 100000 711283608 4260 10000 5740 0 0 4260 0 0 0 0 0 0 0 10000 67 0 1000 7 20.158 3.244 ../q3/./log/doc50cop1shlf1lif10_af0s1tTOTAL_gf10000i67d0m1000_seed711283608.log 1770130 q3-extractinstructions.txt 20150711_184418 0.5 559f0b6f7768393544b7caf3
20150711_184355 50 1 1 10 100000 597296547 4058 10000 5942 0 0 4058 0 0 0 0 0 0 0 10000 67 0 1000 2 21.528 2.605 ../q3/./log/doc50cop1shlf1lif10_af0s1tTOTAL_gf10000i67d0m1000_seed597296547.log 1679695 q3-extractinstructions.txt 20150711_184429 0.5 559f0b6f7768393544b7caf4
20150711_184407 50 1 1 10 100000 664375964 4121 10000 5879 0 0 4121 0 0 0 0 0 0 0 10000 67 0 1000 3 23.978 2.231 ../q3/./log/doc50cop1shlf1lif10_af0s1tTOTAL_gf10000i67d0m1000_seed664375964.log 1711790 q3-extractinstructions.txt 20150711_184445 0.5 559f0b6f7768393544b7caf5
20150711_184412 50 1 1 10 100000 666549275 4076 10000 5924 0 0 4076 0 0 0 0 0 0 0 10000 67 0 1000 2 21.716 2.511 ../q3/./log/doc50cop1shlf1lif10_af0s1tTOTAL_gf10000i67d0m1000_seed666549275.log 1679302 q3-extractinstructions.txt 20150711_184450 0.5 559f0b6f7768393544b7caf7
20150711_184410 50 1 1 10 100000 258760793 4279 10000 5721 0 0 4279 0 0 0 0 0 0 0 10000 67 0 1000 5 23.660 2.542 ../q3/./log/doc50cop1shlf1lif10_af0s1tTOTAL_gf10000i67d0m1000_seed258760793.log 1773198 q3-extractinstructions.txt 20150711_184450 0.5 559f0b6f7768393544b7caf6
20150711_184425 50 1 1 10 100000 376517787 4364 10000 5636 0 0 4364 0 0 0 0 0 0 0 10000 67 0 1000 8 26.145 2.293 ../q3/./log/doc50cop1shlf1lif10_af0s1tTOTAL_gf10000i67d0m1000_seed376517787.log 1807701 q3-extractinstructions.txt 20150711_184507 0.5 559f0b6f7768393544b7caf8
20150711_184427 50 1 1 10 100000 817713633 4323 10000 5677 0 0 4323 0 0 0 0 0 0 0 10000 67 0 1000 8 24.759 2.402 ../q3/./log/doc50cop1shlf1lif10_af0s1tTOTAL_gf10000i67d0m1000_seed817713633.log 1809689 q3-extractinstructions.txt 20150711_184508 0.5 559f0b6f7768393544b7caf9
20150711_184429 50 1 1 10 100000 519606501 4329 10000 5671 0 0 4329 0 0 0 0 0 0 0 10000 67 0 1000 6 22.967 3.074 ../q3/./log/doc50cop1shlf1lif10_af0s1tTOTAL_gf10000i67d0m1000_seed519606501.log 1797678 q3-extractinstructions.txt 20150711_184509 0.5 559f0b6f7768393544b7cafa
20150711_184432 50 1 1 10 100000 792850679 4356 10000 5644 0 0 4356 0 0 0 0 0 0 0 10000 67 0 1000 8 21.651 2.652 ../q3/./log/doc50cop1shlf1lif10_af0s1tTOTAL_gf10000i67d0m1000_seed792850679.log 1810888 q3-extractinstructions.txt 20150711_184511 0.5 559f0b6f7768393544b7cafc
20150711_184431 50 1 1 10 100000 715258232 4514 10000 5486 0 0 4514 0 0 0 0 0 0 0 10000 67 0 1000 10 22.480 2.746 ../q3/./log/doc50cop1shlf1lif10_af0s1tTOTAL_gf10000i67d0m1000_seed715258232.log 1878019 q3-extractinstructions.txt 20150711_184511 0.5 559f0b6f7768393544b7cafb
20150711_184454 50 1 1 20 100000 919028296 2577 10000 7423 0 0 2577 0 0 0 0 0 0 0 10000 67 0 1000 11 16.576 1.7 ../q3/./log/doc50cop1shlf1lif20_af0s1tTOTAL_gf10000i67d0m1000_seed919028296.log 1056132 q3-extractinstructions.txt 20150711_184521 0.5 559f0b6f7768393544b7cb66
20150711_184456 50 1 1 20 100000 103765041 2362 10000 7638 0 0 2362 0 0 0 0 0 0 0 10000 67 0 1000 4 15.648 1.935 ../q3/./log/doc50cop1shlf1lif20_af0s1tTOTAL_gf10000i67d0m1000_seed103765041.log 963452 q3-extractinstructions.txt 20150711_184523 0.5 559f0b6f7768393544b7cb67
20150711_184459 50 1 1 20 100000 141246882 2193 10000 7807 0 0 2193 0 0 0 0 0 0 0 10000 67 0 1000 1 13.732 1.56 ../q3/./log/doc50cop1shlf1lif20_af0s1tTOTAL_gf10000i67d0m1000_seed141246882.log 894556 q3-extractinstructions.txt 20150711_184523 0.5 559f0b6f7768393544b7cb68
20150711_184503 50 1 1 20 100000 681028781 2474 10000 7526 0 0 2474 0 0 0 0 0 0 0 10000 67 0 1000 9 12.567 1.747 ../q3/./log/doc50cop1shlf1lif20_af0s1tTOTAL_gf10000i67d0m1000_seed681028781.log 1017719 q3-extractinstructions.txt 20150711_184526 0.5 559f0b6f7768393544b7cb69
20150711_184513 50 1 1 20 100000 117661523 2315 10000 7685 0 0 2315 0 0 0 0 0 0 0 10000 67 0 1000 4 11.296 1.607 ../q3/./log/doc50cop1shlf1lif20_af0s1tTOTAL_gf10000i67d0m1000_seed117661523.log 945880 q3-extractinstructions.txt 20150711_184534 0.5 559f0b6f7768393544b7cb6a
20150711_184515 50 1 1 20 100000 105731136 2506 10000 7494 0 0 2506 0 0 0 0 0 0 0 10000 67 0 1000 8 11.617 1.654 ../q3/./log/doc50cop1shlf1lif20_af0s1tTOTAL_gf10000i67d0m1000_seed105731136.log 1025623 q3-extractinstructions.txt 20150711_184538 0.5 559f0b6f7768393544b7cb6b
20150711_184518 50 1 1 20 100000 967561224 2434 10000 7566 0 0 2434 0 0 0 0 0 0 0 10000 67 0 1000 8 10.527 1.451 ../q3/./log/doc50cop1shlf1lif20_af0s1tTOTAL_gf10000i67d0m1000_seed967561224.log 996963 q3-extractinstructions.txt 20150711_184540 0.5 559f0b6f7768393544b7cb6c
20150711_184529 50 1 1 20 100000 420477893 2434 10000 7566 0 0 2434 0 0 0 0 0 0 0 10000 67 0 1000 6 10.878 1.778 ../q3/./log/doc50cop1shlf1lif20_af0s1tTOTAL_gf10000i67d0m1000_seed420477893.log 988722 q3-extractinstructions.txt 20150711_184551 0.5 559f0b6f7768393544b7cb6d
20150711_184531 50 1 1 20 100000 263688301 2298 10000 7702 0 0 2298 0 0 0 0 0 0 0 10000 67 0 1000 3 10.483 1.716 ../q3/./log/doc50cop1shlf1lif20_af0s1tTOTAL_gf10000i67d0m1000_seed263688301.log 932131 q3-extractinstructions.txt 20150711_184552 0.5 559f0b6f7768393544b7cb6e
20150711_184534 50 1 1 20 100000 50746969 2446 10000 7554 0 0 2446 0 0 0 0 0 0 0 10000 67 0 1000 7 10.801 1.935 ../q3/./log/doc50cop1shlf1lif20_af0s1tTOTAL_gf10000i67d0m1000_seed50746969.log 994523 q3-extractinstructions.txt 20150711_184555 0.5 559f0b6f7768393544b7cb6f
20150711_184536 50 1 1 20 100000 533657980 2580 10000 7420 0 0 2580 0 0 0 0 0 0 0 10000 67 0 1000 8 11.422 1.951 ../q3/./log/doc50cop1shlf1lif20_af0s1tTOTAL_gf10000i67d0m1000_seed533657980.log 1054641 q3-extractinstructions.txt 20150711_184557 0.5 559f0b6f7768393544b7cb70
20150711_184538 50 1 1 20 100000 711283608 2533 10000 7467 0 0 2533 0 0 0 0 0 0 0 10000 67 0 1000 9 12.970 1.794 ../q3/./log/doc50cop1shlf1lif20_af0s1tTOTAL_gf10000i67d0m1000_seed711283608.log 1032394 q3-extractinstructions.txt 20150711_184602 0.5 559f0b6f7768393544b7cb71
20150711_184540 50 1 1 20 100000 597296547 2376 10000 7624 0 0 2376 0 0 0 0 0 0 0 10000 67 0 1000 5 12.320 1.732 ../q3/./log/doc50cop1shlf1lif20_af0s1tTOTAL_gf10000i67d0m1000_seed597296547.log 967921 q3-extractinstructions.txt 20150711_184603 0.5 559f0b6f7768393544b7cb72
20150711_184542 50 1 1 20 100000 664375964 2378 10000 7622 0 0 2378 0 0 0 0 0 0 0 10000 67 0 1000 4 13.104 1.747 ../q3/./log/doc50cop1shlf1lif20_af0s1tTOTAL_gf10000i67d0m1000_seed664375964.log 968616 q3-extractinstructions.txt 20150711_184606 0.5 559f0b6f7768393544b7cb73
20150711_184544 50 1 1 20 100000 258760793 2339 10000 7661 0 0 2339 0 0 0 0 0 0 0 10000 67 0 1000 3 13.014 1.638 ../q3/./log/doc50cop1shlf1lif20_af0s1tTOTAL_gf10000i67d0m1000_seed258760793.log 958159 q3-extractinstructions.txt 20150711_184608 0.5 559f0b6f7768393544b7cb74
20150711_184547 50 1 1 20 100000 666549275 2607 10000 7393 0 0 2607 0 0 0 0 0 0 0 10000 67 0 1000 8 13.856 1.341 ../q3/./log/doc50cop1shlf1lif20_af0s1tTOTAL_gf10000i67d0m1000_seed666549275.log 1062063 q3-extractinstructions.txt 20150711_184612 0.5 559f0b6f7768393544b7cb75
20150711_184559 50 1 1 20 100000 376517787 2350 10000 7650 0 0 2350 0 0 0 0 0 0 0 10000 67 0 1000 3 13.268 1.638 ../q3/./log/doc50cop1shlf1lif20_af0s1tTOTAL_gf10000i67d0m1000_seed376517787.log 952860 q3-extractinstructions.txt 20150711_184622 0.5 559f0b6f7768393544b7cb76
20150711_184601 50 1 1 20 100000 817713633 2343 10000 7657 0 0 2343 0 0 0 0 0 0 0 10000 67 0 1000 4 12.128 1.778 ../q3/./log/doc50cop1shlf1lif20_af0s1tTOTAL_gf10000i67d0m1000_seed817713633.log 960860 q3-extractinstructions.txt 20150711_184624 0.5 559f0b6f7768393544b7cb77
20150711_184605 50 1 1 20 100000 519606501 2464 10000 7536 0 0 2464 0 0 0 0 0 0 0 10000 67 0 1000 6 10.592 1.638 ../q3/./log/doc50cop1shlf1lif20_af0s1tTOTAL_gf10000i67d0m1000_seed519606501.log 1005892 q3-extractinstructions.txt 20150711_184626 0.5 559f0b6f7768393544b7cb78
20150711_184607 50 1 1 20 100000 715258232 2600 10000 7400 0 0 2600 0 0 0 0 0 0 0 10000 67 0 1000 10 10.238 1.841 ../q3/./log/doc50cop1shlf1lif20_af0s1tTOTAL_gf10000i67d0m1000_seed715258232.log 1062213 q3-extractinstructions.txt 20150711_184628 0.5 559f0b6f7768393544b7cb79
20150711_184609 50 1 1 20 100000 792850679 2413 10000 7587 0 0 2413 0 0 0 0 0 0 0 10000 67 0 1000 4 8.843 1.591 ../q3/./log/doc50cop1shlf1lif20_af0s1tTOTAL_gf10000i67d0m1000_seed792850679.log 981473 q3-extractinstructions.txt 20150711_184629 0.5 559f0b6f7768393544b7cb7a
20150711_184620 50 1 1 30 100000 919028296 1740 10000 8260 0 0 1740 0 0 0 0 0 0 0 10000 67 0 1000 6 10.721 0.998 ../q3/./log/doc50cop1shlf1lif30_af0s1tTOTAL_gf10000i67d0m1000_seed919028296.log 708019 q3-extractinstructions.txt 20150711_184639 0.5 559f0b6f7768393544b7cbe4
20150711_184623 50 1 1 30 100000 103765041 1693 10000 8307 0 0 1693 0 0 0 0 0 0 0 10000 67 0 1000 6 9.170 1.233 ../q3/./log/doc50cop1shlf1lif30_af0s1tTOTAL_gf10000i67d0m1000_seed103765041.log 688067 q3-extractinstructions.txt 20150711_184640 0.5 559f0b6f7768393544b7cbe5
20150711_184625 50 1 1 30 100000 141246882 1548 10000 8452 0 0 1548 0 0 0 0 0 0 0 10000 67 0 1000 1 7.370 1.186 ../q3/./log/doc50cop1shlf1lif30_af0s1tTOTAL_gf10000i67d0m1000_seed141246882.log 631540 q3-extractinstructions.txt 20150711_184641 0.5 559f0b6f7768393544b7cbe6
20150711_184627 50 1 1 30 100000 681028781 1743 10000 8257 0 0 1743 0 0 0 0 0 0 0 10000 67 0 1000 7 6.821 1.248 ../q3/./log/doc50cop1shlf1lif30_af0s1tTOTAL_gf10000i67d0m1000_seed681028781.log 709415 q3-extractinstructions.txt 20150711_184643 0.5 559f0b6f7768393544b7cbe7
20150711_184629 50 1 1 30 100000 117661523 1675 10000 8325 0 0 1675 0 0 0 0 0 0 0 10000 67 0 1000 6 6.067 1.062 ../q3/./log/doc50cop1shlf1lif30_af0s1tTOTAL_gf10000i67d0m1000_seed117661523.log 680066 q3-extractinstructions.txt 20150711_184644 0.5 559f0b6f7768393544b7cbe8
20150711_184641 50 1 1 30 100000 105731136 1757 10000 8243 0 0 1757 0 0 0 0 0 0 0 10000 67 0 1000 9 8.138 1.092 ../q3/./log/doc50cop1shlf1lif30_af0s1tTOTAL_gf10000i67d0m1000_seed105731136.log 714242 q3-extractinstructions.txt 20150711_184658 0.5 559f0b6f7768393544b7cbe9
20150711_184643 50 1 1 30 100000 967561224 1720 10000 8280 0 0 1720 0 0 0 0 0 0 0 10000 67 0 1000 7 7.506 1.014 ../q3/./log/doc50cop1shlf1lif30_af0s1tTOTAL_gf10000i67d0m1000_seed967561224.log 706037 q3-extractinstructions.txt 20150711_184700 0.5 559f0b6f7768393544b7cbea
20150711_184645 50 1 1 30 100000 420477893 1605 10000 8395 0 0 1605 0 0 0 0 0 0 0 10000 67 0 1000 3 6.571 1.045 ../q3/./log/doc50cop1shlf1lif30_af0s1tTOTAL_gf10000i67d0m1000_seed420477893.log 652189 q3-extractinstructions.txt 20150711_184700 0.5 559f0b6f7768393544b7cbeb
20150711_184647 50 1 1 30 100000 263688301 1589 10000 8411 0 0 1589 0 0 0 0 0 0 0 10000 67 0 1000 3 6.663 0.998 ../q3/./log/doc50cop1shlf1lif30_af0s1tTOTAL_gf10000i67d0m1000_seed263688301.log 639169 q3-extractinstructions.txt 20150711_184703 0.5 559f0b6f7768393544b7cbec
20150711_184649 50 1 1 30 100000 50746969 1724 10000 8276 0 0 1724 0 0 0 0 0 0 0 10000 67 0 1000 7 8.311 1.248 ../q3/./log/doc50cop1shlf1lif30_af0s1tTOTAL_gf10000i67d0m1000_seed50746969.log 700026 q3-extractinstructions.txt 20150711_184706 0.5 559f0b6f7768393544b7cbed
20150711_184651 50 1 1 30 100000 533657980 1841 10000 8159 0 0 1841 0 0 0 0 0 0 0 10000 67 0 1000 8 10.806 0.982 ../q3/./log/doc50cop1shlf1lif30_af0s1tTOTAL_gf10000i67d0m1000_seed533657980.log 751536 q3-extractinstructions.txt 20150711_184710 0.5 559f0b6f7768393544b7cbee
20150711_184653 50 1 1 30 100000 711283608 1594 10000 8406 0 0 1594 0 0 0 0 0 0 0 10000 67 0 1000 4 9.741 1.061 ../q3/./log/doc50cop1shlf1lif30_af0s1tTOTAL_gf10000i67d0m1000_seed711283608.log 652062 q3-extractinstructions.txt 20150711_184711 0.5 559f0b6f7768393544b7cbef
20150711_184656 50 1 1 30 100000 597296547 1718 10000 8282 0 0 1718 0 0 0 0 0 0 0 10000 67 0 1000 7 9.297 1.107 ../q3/./log/doc50cop1shlf1lif30_af0s1tTOTAL_gf10000i67d0m1000_seed597296547.log 702845 q3-extractinstructions.txt 20150711_184714 0.5 559f0b6f7768393544b7cbf0
20150711_184701 50 1 1 30 100000 258760793 1617 10000 8383 0 0 1617 0 0 0 0 0 0 0 10000 67 0 1000 3 6.516 1.014 ../q3/./log/doc50cop1shlf1lif30_af0s1tTOTAL_gf10000i67d0m1000_seed258760793.log 656951 q3-extractinstructions.txt 20150711_184716 0.5 559f0b6f7768393544b7cbf2
20150711_184659 50 1 1 30 100000 664375964 1848 10000 8152 0 0 1848 0 0 0 0 0 0 0 10000 67 0 1000 12 8.382 1.217 ../q3/./log/doc50cop1shlf1lif30_af0s1tTOTAL_gf10000i67d0m1000_seed664375964.log 759049 q3-extractinstructions.txt 20150711_184716 0.5 559f0b6f7768393544b7cbf1
20150711_184712 50 1 1 30 100000 666549275 1693 10000 8307 0 0 1693 0 0 0 0 0 0 0 10000 67 0 1000 3 8.389 1.451 ../q3/./log/doc50cop1shlf1lif30_af0s1tTOTAL_gf10000i67d0m1000_seed666549275.log 683463 q3-extractinstructions.txt 20150711_184729 0.5 559f0b6f7768393544b7cbf3
20150711_184714 50 1 1 30 100000 376517787 1636 10000 8364 0 0 1636 0 0 0 0 0 0 0 10000 67 0 1000 5 7.378 1.202 ../q3/./log/doc50cop1shlf1lif30_af0s1tTOTAL_gf10000i67d0m1000_seed376517787.log 662728 q3-extractinstructions.txt 20150711_184731 0.5 559f0b6f7768393544b7cbf4
20150711_184716 50 1 1 30 100000 817713633 1755 10000 8245 0 0 1755 0 0 0 0 0 0 0 10000 67 0 1000 9 7.187 1.202 ../q3/./log/doc50cop1shlf1lif30_af0s1tTOTAL_gf10000i67d0m1000_seed817713633.log 719352 q3-extractinstructions.txt 20150711_184733 0.5 559f0b6f7768393544b7cbf5
20150711_184718 50 1 1 30 100000 519606501 1885 10000 8115 0 0 1885 0 0 0 0 0 0 0 10000 67 0 1000 11 7.506 1.372 ../q3/./log/doc50cop1shlf1lif30_af0s1tTOTAL_gf10000i67d0m1000_seed519606501.log 774862 q3-extractinstructions.txt 20150711_184736 0.5 559f0b6f7768393544b7cbf6
20150711_184721 50 1 1 30 100000 715258232 1728 10000 8272 0 0 1728 0 0 0 0 0 0 0 10000 67 0 1000 7 8.433 1.263 ../q3/./log/doc50cop1shlf1lif30_af0s1tTOTAL_gf10000i67d0m1000_seed715258232.log 704727 q3-extractinstructions.txt 20150711_184739 0.5 559f0b6f7768393544b7cbf7
20150711_184724 50 1 1 50 100000 919028296 1102 10000 8898 0 0 1102 0 0 0 0 0 0 0 10000 67 0 1000 7 7.873 0.608 ../q3/./log/doc50cop1shlf1lif50_af0s1tTOTAL_gf10000i67d0m1000_seed919028296.log 448881 q3-extractinstructions.txt 20150711_184740 0.5 559f0b707768393544b7cc62
20150711_184723 50 1 1 30 100000 792850679 1721 10000 8279 0 0 1721 0 0 0 0 0 0 0 10000 67 0 1000 7 10.068 1.311 ../q3/./log/doc50cop1shlf1lif30_af0s1tTOTAL_gf10000i67d0m1000_seed792850679.log 703546 q3-extractinstructions.txt 20150711_184742 0.5 559f0b6f7768393544b7cbf8
20150711_184727 50 1 1 50 100000 103765041 1141 10000 8859 0 0 1141 0 0 0 0 0 0 0 10000 67 0 1000 9 8.246 0.577 ../q3/./log/doc50cop1shlf1lif50_af0s1tTOTAL_gf10000i67d0m1000_seed103765041.log 465644 q3-extractinstructions.txt 20150711_184743 0.5 559f0b707768393544b7cc63
20150711_184730 50 1 1 50 100000 141246882 972 10000 9028 0 0 972 0 0 0 0 0 0 0 10000 67 0 1000 1 6.747 0.515 ../q3/./log/doc50cop1shlf1lif50_af0s1tTOTAL_gf10000i67d0m1000_seed141246882.log 393673 q3-extractinstructions.txt 20150711_184744 0.5 559f0b707768393544b7cc64
20150711_184732 50 1 1 50 100000 681028781 1129 10000 8871 0 0 1129 0 0 0 0 0 0 0 10000 67 0 1000 10 6.630 0.795 ../q3/./log/doc50cop1shlf1lif50_af0s1tTOTAL_gf10000i67d0m1000_seed681028781.log 465226 q3-extractinstructions.txt 20150711_184747 0.5 559f0b707768393544b7cc65
20150711_184743 50 1 1 50 100000 117661523 1017 10000 8983 0 0 1017 0 0 0 0 0 0 0 10000 67 0 1000 4 4.865 0.686 ../q3/./log/doc50cop1shlf1lif50_af0s1tTOTAL_gf10000i67d0m1000_seed117661523.log 413154 q3-extractinstructions.txt 20150711_184756 0.5 559f0b707768393544b7cc66
20150711_184746 50 1 1 50 100000 105731136 950 10000 9050 0 0 950 0 0 0 0 0 0 0 10000 67 0 1000 3 4.873 0.561 ../q3/./log/doc50cop1shlf1lif50_af0s1tTOTAL_gf10000i67d0m1000_seed105731136.log 389486 q3-extractinstructions.txt 20150711_184758 0.5 559f0b707768393544b7cc67
20150711_184748 50 1 1 50 100000 967561224 970 10000 9030 0 0 970 0 0 0 0 0 0 0 10000 67 0 1000 2 4.719 0.577 ../q3/./log/doc50cop1shlf1lif50_af0s1tTOTAL_gf10000i67d0m1000_seed967561224.log 397294 q3-extractinstructions.txt 20150711_184800 0.5 559f0b707768393544b7cc68
20150711_184750 50 1 1 50 100000 420477893 1027 10000 8973 0 0 1027 0 0 0 0 0 0 0 10000 67 0 1000 4 4.832 0.843 ../q3/./log/doc50cop1shlf1lif50_af0s1tTOTAL_gf10000i67d0m1000_seed420477893.log 421837 q3-extractinstructions.txt 20150711_184803 0.5 559f0b707768393544b7cc69
20150711_184752 50 1 1 50 100000 263688301 1071 10000 8929 0 0 1071 0 0 0 0 0 0 0 10000 67 0 1000 8 5.093 0.703 ../q3/./log/doc50cop1shlf1lif50_af0s1tTOTAL_gf10000i67d0m1000_seed263688301.log 436600 q3-extractinstructions.txt 20150711_184805 0.5 559f0b707768393544b7cc6a
20150711_184754 50 1 1 50 100000 50746969 1026 10000 8974 0 0 1026 0 0 0 0 0 0 0 10000 67 0 1000 4 4.923 0.764 ../q3/./log/doc50cop1shlf1lif50_af0s1tTOTAL_gf10000i67d0m1000_seed50746969.log 419658 q3-extractinstructions.txt 20150711_184807 0.5 559f0b707768393544b7cc6b
20150711_184756 50 1 1 50 100000 533657980 1128 10000 8872 0 0 1128 0 0 0 0 0 0 0 10000 67 0 1000 8 5.869 0.702 ../q3/./log/doc50cop1shlf1lif50_af0s1tTOTAL_gf10000i67d0m1000_seed533657980.log 461762 q3-extractinstructions.txt 20150711_184810 0.5 559f0b707768393544b7cc6c
20150711_184758 50 1 1 50 100000 711283608 1009 10000 8991 0 0 1009 0 0 0 0 0 0 0 10000 67 0 1000 5 5.753 0.64 ../q3/./log/doc50cop1shlf1lif50_af0s1tTOTAL_gf10000i67d0m1000_seed711283608.log 417512 q3-extractinstructions.txt 20150711_184811 0.5 559f0b707768393544b7cc6d
20150711_184800 50 1 1 50 100000 597296547 1025 10000 8975 0 0 1025 0 0 0 0 0 0 0 10000 67 0 1000 4 5.526 0.655 ../q3/./log/doc50cop1shlf1lif50_af0s1tTOTAL_gf10000i67d0m1000_seed597296547.log 416887 q3-extractinstructions.txt 20150711_184813 0.5 559f0b707768393544b7cc6e
20150711_184803 50 1 1 50 100000 664375964 1112 10000 8888 0 0 1112 0 0 0 0 0 0 0 10000 67 0 1000 10 5.043 0.765 ../q3/./log/doc50cop1shlf1lif50_af0s1tTOTAL_gf10000i67d0m1000_seed664375964.log 453403 q3-extractinstructions.txt 20150711_184815 0.5 559f0b707768393544b7cc6f
20150711_184805 50 1 1 50 100000 258760793 1034 10000 8966 0 0 1034 0 0 0 0 0 0 0 10000 67 0 1000 4 4.419 0.577 ../q3/./log/doc50cop1shlf1lif50_af0s1tTOTAL_gf10000i67d0m1000_seed258760793.log 422977 q3-extractinstructions.txt 20150711_184817 0.5 559f0b707768393544b7cc70
20150711_184817 50 1 1 50 100000 666549275 1159 10000 8841 0 0 1159 0 0 0 0 0 0 0 10000 67 0 1000 9 4.825 0.811 ../q3/./log/doc50cop1shlf1lif50_af0s1tTOTAL_gf10000i67d0m1000_seed666549275.log 472325 q3-extractinstructions.txt 20150711_184830 0.5 559f0b707768393544b7cc71
20150711_184819 50 1 1 50 100000 376517787 1040 10000 8960 0 0 1040 0 0 0 0 0 0 0 10000 67 0 1000 7 4.357 0.624 ../q3/./log/doc50cop1shlf1lif50_af0s1tTOTAL_gf10000i67d0m1000_seed376517787.log 422493 q3-extractinstructions.txt 20150711_184831 0.5 559f0b707768393544b7cc72
20150711_184821 50 1 1 50 100000 817713633 1082 10000 8918 0 0 1082 0 0 0 0 0 0 0 10000 67 0 1000 9 4.533 0.842 ../q3/./log/doc50cop1shlf1lif50_af0s1tTOTAL_gf10000i67d0m1000_seed817713633.log 447239 q3-extractinstructions.txt 20150711_184833 0.5 559f0b707768393544b7cc73
20150711_184823 50 1 1 50 100000 519606501 1127 10000 8873 0 0 1127 0 0 0 0 0 0 0 10000 67 0 1000 9 4.710 0.656 ../q3/./log/doc50cop1shlf1lif50_af0s1tTOTAL_gf10000i67d0m1000_seed519606501.log 458738 q3-extractinstructions.txt 20150711_184836 0.5 559f0b707768393544b7cc74
20150711_184825 50 1 1 50 100000 715258232 1068 10000 8932 0 0 1068 0 0 0 0 0 0 0 10000 67 0 1000 9 4.575 0.717 ../q3/./log/doc50cop1shlf1lif50_af0s1tTOTAL_gf10000i67d0m1000_seed715258232.log 438854 q3-extractinstructions.txt 20150711_184838 0.5 559f0b707768393544b7cc75
20150711_184827 50 1 1 50 100000 792850679 1121 10000 8879 0 0 1121 0 0 0 0 0 0 0 10000 67 0 1000 8 5.818 0.718 ../q3/./log/doc50cop1shlf1lif50_af0s1tTOTAL_gf10000i67d0m1000_seed792850679.log 456742 q3-extractinstructions.txt 20150711_184841 0.5 559f0b707768393544b7cc76
20150711_184830 50 1 1 100 100000 919028296 595 10000 9405 0 0 595 0 0 0 0 0 0 0 10000 67 0 1000 7 3.992 0.375 ../q3/./log/doc50cop1shlf1lif100_af0s1tTOTAL_gf10000i67d0m1000_seed919028296.log 245115 q3-extractinstructions.txt 20150711_184841 0.5 559f0b707768393544b7cce0
20150711_184832 50 1 1 100 100000 103765041 585 10000 9415 0 0 585 0 0 0 0 0 0 0 10000 67 0 1000 10 3.781 0.327 ../q3/./log/doc50cop1shlf1lif100_af0s1tTOTAL_gf10000i67d0m1000_seed103765041.log 246978 q3-extractinstructions.txt 20150711_184843 0.5 559f0b707768393544b7cce1
20150711_184834 50 1 1 100 100000 141246882 501 10000 9499 0 0 501 0 0 0 0 0 0 0 10000 67 0 1000 2 3.422 0.327 ../q3/./log/doc50cop1shlf1lif100_af0s1tTOTAL_gf10000i67d0m1000_seed141246882.log 208747 q3-extractinstructions.txt 20150711_184844 0.5 559f0b707768393544b7cce2
20150711_184837 50 1 1 100 100000 681028781 519 10000 9481 0 0 519 0 0 0 0 0 0 0 10000 67 0 1000 8 4.031 0.296 ../q3/./log/doc50cop1shlf1lif100_af0s1tTOTAL_gf10000i67d0m1000_seed681028781.log 218404 q3-extractinstructions.txt 20150711_184848 0.5 559f0b707768393544b7cce3
20150711_184838 50 1 1 100 100000 117661523 546 10000 9454 0 0 546 0 0 0 0 0 0 0 10000 67 0 1000 4 3.993 0.343 ../q3/./log/doc50cop1shlf1lif100_af0s1tTOTAL_gf10000i67d0m1000_seed117661523.log 226648 q3-extractinstructions.txt 20150711_184849 0.5 559f0b707768393544b7cce4
20150711_184842 50 1 1 100 100000 105731136 530 10000 9470 0 0 530 0 0 0 0 0 0 0 10000 67 0 1000 8 3.484 0.28 ../q3/./log/doc50cop1shlf1lif100_af0s1tTOTAL_gf10000i67d0m1000_seed105731136.log 224691 q3-extractinstructions.txt 20150711_184852 0.5 559f0b707768393544b7cce5
20150711_184843 50 1 1 100 100000 967561224 479 10000 9521 0 0 479 0 0 0 0 0 0 0 10000 67 0 1000 3 2.995 0.312 ../q3/./log/doc50cop1shlf1lif100_af0s1tTOTAL_gf10000i67d0m1000_seed967561224.log 202642 q3-extractinstructions.txt 20150711_184853 0.5 559f0b707768393544b7cce6
20150711_184845 50 1 1 100 100000 420477893 521 10000 9479 0 0 521 0 0 0 0 0 0 0 10000 67 0 1000 3 3.408 0.39 ../q3/./log/doc50cop1shlf1lif100_af0s1tTOTAL_gf10000i67d0m1000_seed420477893.log 217354 q3-extractinstructions.txt 20150711_184855 0.5 559f0b707768393544b7cce7
20150711_184847 50 1 1 100 100000 263688301 514 10000 9486 0 0 514 0 0 0 0 0 0 0 10000 67 0 1000 8 2.977 0.421 ../q3/./log/doc50cop1shlf1lif100_af0s1tTOTAL_gf10000i67d0m1000_seed263688301.log 215600 q3-extractinstructions.txt 20150711_184856 0.5 559f0b707768393544b7cce8
20150711_184859 50 1 1 100 100000 50746969 517 10000 9483 0 0 517 0 0 0 0 0 0 0 10000 67 0 1000 3 2.906 0.342 ../q3/./log/doc50cop1shlf1lif100_af0s1tTOTAL_gf10000i67d0m1000_seed50746969.log 216662 q3-extractinstructions.txt 20150711_184908 0.5 559f0b707768393544b7cce9
20150711_184901 50 1 1 100 100000 533657980 588 10000 9412 0 0 588 0 0 0 0 0 0 0 10000 67 0 1000 7 3.026 0.437 ../q3/./log/doc50cop1shlf1lif100_af0s1tTOTAL_gf10000i67d0m1000_seed533657980.log 247523 q3-extractinstructions.txt 20150711_184911 0.5 559f0b707768393544b7ccea
20150711_184903 50 1 1 100 100000 711283608 547 10000 9453 0 0 547 0 0 0 0 0 0 0 10000 67 0 1000 7 2.800 0.422 ../q3/./log/doc50cop1shlf1lif100_af0s1tTOTAL_gf10000i67d0m1000_seed711283608.log 230439 q3-extractinstructions.txt 20150711_184913 0.5 559f0b707768393544b7cceb
20150711_184905 50 1 1 100 100000 597296547 530 10000 9470 0 0 530 0 0 0 0 0 0 0 10000 67 0 1000 8 2.780 0.359 ../q3/./log/doc50cop1shlf1lif100_af0s1tTOTAL_gf10000i67d0m1000_seed597296547.log 224862 q3-extractinstructions.txt 20150711_184915 0.5 559f0b707768393544b7ccec
20150711_184907 50 1 1 100 100000 664375964 534 10000 9466 0 0 534 0 0 0 0 0 0 0 10000 67 0 1000 4 3.113 0.359 ../q3/./log/doc50cop1shlf1lif100_af0s1tTOTAL_gf10000i67d0m1000_seed664375964.log 223946 q3-extractinstructions.txt 20150711_184917 0.5 559f0b707768393544b7cced
20150711_184909 50 1 1 100 100000 258760793 544 10000 9456 0 0 544 0 0 0 0 0 0 0 10000 67 0 1000 4 3.068 0.422 ../q3/./log/doc50cop1shlf1lif100_af0s1tTOTAL_gf10000i67d0m1000_seed258760793.log 227744 q3-extractinstructions.txt 20150711_184919 0.5 559f0b707768393544b7ccee
20150711_184912 50 1 1 100 100000 666549275 550 10000 9450 0 0 550 0 0 0 0 0 0 0 10000 67 0 1000 5 3.334 0.375 ../q3/./log/doc50cop1shlf1lif100_af0s1tTOTAL_gf10000i67d0m1000_seed666549275.log 226862 q3-extractinstructions.txt 20150711_184922 0.5 559f0b707768393544b7ccef
20150711_184914 50 1 1 100 100000 376517787 555 10000 9445 0 0 555 0 0 0 0 0 0 0 10000 67 0 1000 7 3.385 0.343 ../q3/./log/doc50cop1shlf1lif100_af0s1tTOTAL_gf10000i67d0m1000_seed376517787.log 226574 q3-extractinstructions.txt 20150711_184924 0.5 559f0b707768393544b7ccf0
20150711_184917 50 1 1 100 100000 817713633 521 10000 9479 0 0 521 0 0 0 0 0 0 0 10000 67 0 1000 8 3.404 0.452 ../q3/./log/doc50cop1shlf1lif100_af0s1tTOTAL_gf10000i67d0m1000_seed817713633.log 223723 q3-extractinstructions.txt 20150711_184927 0.5 559f0b707768393544b7ccf1
20150711_184919 50 1 1 100 100000 519606501 562 10000 9438 0 0 562 0 0 0 0 0 0 0 10000 67 0 1000 7 3.267 0.358 ../q3/./log/doc50cop1shlf1lif100_af0s1tTOTAL_gf10000i67d0m1000_seed519606501.log 231161 q3-extractinstructions.txt 20150711_184929 0.5 559f0b707768393544b7ccf2
20150711_184920 50 1 1 100 100000 715258232 568 10000 9432 0 0 568 0 0 0 0 0 0 0 10000 67 0 1000 8 3.376 0.484 ../q3/./log/doc50cop1shlf1lif100_af0s1tTOTAL_gf10000i67d0m1000_seed715258232.log 236374 q3-extractinstructions.txt 20150711_184930 0.5 559f0b707768393544b7ccf3
20150711_184922 50 1 1 100 100000 792850679 576 10000 9424 0 0 576 0 0 0 0 0 0 0 10000 67 0 1000 4 3.268 0.359 ../q3/./log/doc50cop1shlf1lif100_af0s1tTOTAL_gf10000i67d0m1000_seed792850679.log 236125 q3-extractinstructions.txt 20150711_184932 0.5 559f0b707768393544b7ccf4
20150711_184925 50 1 1 200 100000 919028296 284 10000 9716 0 0 284 0 0 0 0 0 0 0 10000 67 0 1000 8 2.301 0.188 ../q3/./log/doc50cop1shlf1lif200_af0s1tTOTAL_gf10000i67d0m1000_seed919028296.log 125220 q3-extractinstructions.txt 20150711_184933 0.5 559f0b707768393544b7cd5e
20150711_184927 50 1 1 200 100000 103765041 278 10000 9722 0 0 278 0 0 0 0 0 0 0 10000 67 0 1000 6 2.424 0.156 ../q3/./log/doc50cop1shlf1lif200_af0s1tTOTAL_gf10000i67d0m1000_seed103765041.log 122215 q3-extractinstructions.txt 20150711_184936 0.5 559f0b707768393544b7cd5f
20150711_184929 50 1 1 200 100000 141246882 261 10000 9739 0 0 261 0 0 0 0 0 0 0 10000 67 0 1000 1 2.327 0.187 ../q3/./log/doc50cop1shlf1lif200_af0s1tTOTAL_gf10000i67d0m1000_seed141246882.log 111960 q3-extractinstructions.txt 20150711_184937 0.5 559f0b707768393544b7cd60
20150711_184931 50 1 1 200 100000 681028781 293 10000 9707 0 0 293 0 0 0 0 0 0 0 10000 67 0 1000 9 2.517 0.265 ../q3/./log/doc50cop1shlf1lif200_af0s1tTOTAL_gf10000i67d0m1000_seed681028781.log 128684 q3-extractinstructions.txt 20150711_184940 0.5 559f0b707768393544b7cd61
20150711_184933 50 1 1 200 100000 117661523 262 10000 9738 0 0 262 0 0 0 0 0 0 0 10000 67 0 1000 4 2.263 0.141 ../q3/./log/doc50cop1shlf1lif200_af0s1tTOTAL_gf10000i67d0m1000_seed117661523.log 112132 q3-extractinstructions.txt 20150711_184942 0.5 559f0b707768393544b7cd62
20150711_184936 50 1 1 200 100000 105731136 293 10000 9707 0 0 293 0 0 0 0 0 0 0 10000 67 0 1000 9 2.713 0.296 ../q3/./log/doc50cop1shlf1lif200_af0s1tTOTAL_gf10000i67d0m1000_seed105731136.log 127251 q3-extractinstructions.txt 20150711_184945 0.5 559f0b707768393544b7cd63
20150711_184937 50 1 1 200 100000 967561224 266 10000 9734 0 0 266 0 0 0 0 0 0 0 10000 67 0 1000 5 2.450 0.25 ../q3/./log/doc50cop1shlf1lif200_af0s1tTOTAL_gf10000i67d0m1000_seed967561224.log 116678 q3-extractinstructions.txt 20150711_184946 0.5 559f0b707768393544b7cd64
20150711_184940 50 1 1 200 100000 420477893 258 10000 9742 0 0 258 0 0 0 0 0 0 0 10000 67 0 1000 4 2.115 0.172 ../q3/./log/doc50cop1shlf1lif200_af0s1tTOTAL_gf10000i67d0m1000_seed420477893.log 112641 q3-extractinstructions.txt 20150711_184948 0.5 559f0b707768393544b7cd65
20150711_184942 50 1 1 200 100000 263688301 282 10000 9718 0 0 282 0 0 0 0 0 0 0 10000 67 0 1000 9 2.217 0.187 ../q3/./log/doc50cop1shlf1lif200_af0s1tTOTAL_gf10000i67d0m1000_seed263688301.log 122088 q3-extractinstructions.txt 20150711_184950 0.5 559f0b707768393544b7cd66
20150711_184944 50 1 1 200 100000 50746969 239 10000 9761 0 0 239 0 0 0 0 0 0 0 10000 67 0 1000 6 2.204 0.093 ../q3/./log/doc50cop1shlf1lif200_af0s1tTOTAL_gf10000i67d0m1000_seed50746969.log 107158 q3-extractinstructions.txt 20150711_184952 0.5 559f0b707768393544b7cd67
20150711_184946 50 1 1 200 100000 533657980 310 10000 9690 0 0 310 0 0 0 0 0 0 0 10000 67 0 1000 10 2.272 0.11 ../q3/./log/doc50cop1shlf1lif200_af0s1tTOTAL_gf10000i67d0m1000_seed533657980.log 136895 q3-extractinstructions.txt 20150711_184955 0.5 559f0b707768393544b7cd68
20150711_184948 50 1 1 200 100000 711283608 272 10000 9728 0 0 272 0 0 0 0 0 0 0 10000 67 0 1000 6 2.321 0.14 ../q3/./log/doc50cop1shlf1lif200_af0s1tTOTAL_gf10000i67d0m1000_seed711283608.log 119563 q3-extractinstructions.txt 20150711_184957 0.5 559f0b707768393544b7cd69
20150711_184950 50 1 1 200 100000 597296547 247 10000 9753 0 0 247 0 0 0 0 0 0 0 10000 67 0 1000 3 2.113 0.171 ../q3/./log/doc50cop1shlf1lif200_af0s1tTOTAL_gf10000i67d0m1000_seed597296547.log 110130 q3-extractinstructions.txt 20150711_184958 0.5 559f0b707768393544b7cd6a
20150711_184952 50 1 1 200 100000 664375964 258 10000 9742 0 0 258 0 0 0 0 0 0 0 10000 67 0 1000 3 2.007 0.25 ../q3/./log/doc50cop1shlf1lif200_af0s1tTOTAL_gf10000i67d0m1000_seed664375964.log 112007 q3-extractinstructions.txt 20150711_185000 0.5 559f0b707768393544b7cd6b
20150711_184954 50 1 1 200 100000 258760793 265 10000 9735 0 0 265 0 0 0 0 0 0 0 10000 67 0 1000 3 2.287 0.203 ../q3/./log/doc50cop1shlf1lif200_af0s1tTOTAL_gf10000i67d0m1000_seed258760793.log 115960 q3-extractinstructions.txt 20150711_185003 0.5 559f0b707768393544b7cd6c
20150711_184957 50 1 1 200 100000 666549275 288 10000 9712 0 0 288 0 0 0 0 0 0 0 10000 67 0 1000 13 2.432 0.125 ../q3/./log/doc50cop1shlf1lif200_af0s1tTOTAL_gf10000i67d0m1000_seed666549275.log 128997 q3-extractinstructions.txt 20150711_185006 0.5 559f0b707768393544b7cd6d
20150711_184959 50 1 1 200 100000 376517787 254 10000 9746 0 0 254 0 0 0 0 0 0 0 10000 67 0 1000 6 2.183 0.25 ../q3/./log/doc50cop1shlf1lif200_af0s1tTOTAL_gf10000i67d0m1000_seed376517787.log 110923 q3-extractinstructions.txt 20150711_185007 0.5 559f0b707768393544b7cd6e
20150711_185001 50 1 1 200 100000 817713633 239 10000 9761 0 0 239 0 0 0 0 0 0 0 10000 67 0 1000 8 2.088 0.156 ../q3/./log/doc50cop1shlf1lif200_af0s1tTOTAL_gf10000i67d0m1000_seed817713633.log 109516 q3-extractinstructions.txt 20150711_185009 0.5 559f0b707768393544b7cd6f
20150711_185003 50 1 1 200 100000 519606501 309 10000 9691 0 0 309 0 0 0 0 0 0 0 10000 67 0 1000 7 2.345 0.203 ../q3/./log/doc50cop1shlf1lif200_af0s1tTOTAL_gf10000i67d0m1000_seed519606501.log 132133 q3-extractinstructions.txt 20150711_185011 0.5 559f0b707768393544b7cd70
20150711_185005 50 1 1 200 100000 715258232 248 10000 9752 0 0 248 0 0 0 0 0 0 0 10000 67 0 1000 6 2.209 0.218 ../q3/./log/doc50cop1shlf1lif200_af0s1tTOTAL_gf10000i67d0m1000_seed715258232.log 111382 q3-extractinstructions.txt 20150711_185014 0.5 559f0b707768393544b7cd71
20150711_185007 50 1 1 200 100000 792850679 303 10000 9697 0 0 303 0 0 0 0 0 0 0 10000 67 0 1000 6 2.230 0.172 ../q3/./log/doc50cop1shlf1lif200_af0s1tTOTAL_gf10000i67d0m1000_seed792850679.log 129546 q3-extractinstructions.txt 20150711_185016 0.5 559f0b707768393544b7cd72
20150711_185009 50 1 1 300 100000 919028296 186 10000 9814 0 0 186 0 0 0 0 0 0 0 10000 67 0 1000 11 1.956 0.126 ../q3/./log/doc50cop1shlf1lif300_af0s1tTOTAL_gf10000i67d0m1000_seed919028296.log 85775 q3-extractinstructions.txt 20150711_185017 0.5 559f0b707768393544b7cddc
20150711_185011 50 1 1 300 100000 103765041 187 10000 9813 0 0 187 0 0 0 0 0 0 0 10000 67 0 1000 9 1.972 0.094 ../q3/./log/doc50cop1shlf1lif300_af0s1tTOTAL_gf10000i67d0m1000_seed103765041.log 86096 q3-extractinstructions.txt 20150711_185019 0.5 559f0b707768393544b7cddd
20150711_185014 50 1 1 300 100000 141246882 168 10000 9832 0 0 168 0 0 0 0 0 0 0 10000 67 0 1000 1 1.961 0.14 ../q3/./log/doc50cop1shlf1lif300_af0s1tTOTAL_gf10000i67d0m1000_seed141246882.log 76256 q3-extractinstructions.txt 20150711_185021 0.5 559f0b707768393544b7cdde
20150711_185016 50 1 1 300 100000 681028781 168 10000 9832 0 0 168 0 0 0 0 0 0 0 10000 67 0 1000 7 1.913 0.078 ../q3/./log/doc50cop1shlf1lif300_af0s1tTOTAL_gf10000i67d0m1000_seed681028781.log 79653 q3-extractinstructions.txt 20150711_185024 0.5 559f0b707768393544b7cddf
20150711_185018 50 1 1 300 100000 117661523 172 10000 9828 0 0 172 0 0 0 0 0 0 0 10000 67 0 1000 6 1.865 0.155 ../q3/./log/doc50cop1shlf1lif300_af0s1tTOTAL_gf10000i67d0m1000_seed117661523.log 78975 q3-extractinstructions.txt 20150711_185026 0.5 559f0b707768393544b7cde0
20150711_185020 50 1 1 300 100000 105731136 186 10000 9814 0 0 186 0 0 0 0 0 0 0 10000 67 0 1000 5 1.944 0.125 ../q3/./log/doc50cop1shlf1lif300_af0s1tTOTAL_gf10000i67d0m1000_seed105731136.log 85079 q3-extractinstructions.txt 20150711_185028 0.5 559f0b707768393544b7cde1
20150711_185022 50 1 1 300 100000 967561224 193 10000 9807 0 0 193 0 0 0 0 0 0 0 10000 67 0 1000 2 1.948 0.156 ../q3/./log/doc50cop1shlf1lif300_af0s1tTOTAL_gf10000i67d0m1000_seed967561224.log 84726 q3-extractinstructions.txt 20150711_185030 0.5 559f0b707768393544b7cde2
20150711_185024 50 1 1 300 100000 420477893 176 10000 9824 0 0 176 0 0 0 0 0 0 0 10000 67 0 1000 3 1.855 0.156 ../q3/./log/doc50cop1shlf1lif300_af0s1tTOTAL_gf10000i67d0m1000_seed420477893.log 79826 q3-extractinstructions.txt 20150711_185032 0.5 559f0b707768393544b7cde3
20150711_185026 50 1 1 300 100000 263688301 184 10000 9816 0 0 184 0 0 0 0 0 0 0 10000 67 0 1000 10 1.951 0.202 ../q3/./log/doc50cop1shlf1lif300_af0s1tTOTAL_gf10000i67d0m1000_seed263688301.log 84274 q3-extractinstructions.txt 20150711_185034 0.5 559f0b707768393544b7cde4
20150711_185028 50 1 1 300 100000 50746969 169 10000 9831 0 0 169 0 0 0 0 0 0 0 10000 67 0 1000 6 1.898 0.156 ../q3/./log/doc50cop1shlf1lif300_af0s1tTOTAL_gf10000i67d0m1000_seed50746969.log 78652 q3-extractinstructions.txt 20150711_185036 0.5 559f0b707768393544b7cde5
20150711_185030 50 1 1 300 100000 533657980 190 10000 9810 0 0 190 0 0 0 0 0 0 0 10000 67 0 1000 6 1.917 0.203 ../q3/./log/doc50cop1shlf1lif300_af0s1tTOTAL_gf10000i67d0m1000_seed533657980.log 87575 q3-extractinstructions.txt 20150711_185038 0.5 559f0b707768393544b7cde6
20150711_185032 50 1 1 300 100000 711283608 184 10000 9816 0 0 184 0 0 0 0 0 0 0 10000 67 0 1000 9 1.950 0.203 ../q3/./log/doc50cop1shlf1lif300_af0s1tTOTAL_gf10000i67d0m1000_seed711283608.log 85063 q3-extractinstructions.txt 20150711_185040 0.5 559f0b707768393544b7cde7
20150711_185034 50 1 1 300 100000 597296547 168 10000 9832 0 0 168 0 0 0 0 0 0 0 10000 67 0 1000 2 1.898 0.125 ../q3/./log/doc50cop1shlf1lif300_af0s1tTOTAL_gf10000i67d0m1000_seed597296547.log 78375 q3-extractinstructions.txt 20150711_185043 0.5 559f0b707768393544b7cde8
20150711_185037 50 1 1 300 100000 664375964 193 10000 9807 0 0 193 0 0 0 0 0 0 0 10000 67 0 1000 9 1.972 0.188 ../q3/./log/doc50cop1shlf1lif300_af0s1tTOTAL_gf10000i67d0m1000_seed664375964.log 88439 q3-extractinstructions.txt 20150711_185045 0.5 559f0b707768393544b7cde9
20150711_185039 50 1 1 300 100000 258760793 173 10000 9827 0 0 173 0 0 0 0 0 0 0 10000 67 0 1000 2 1.888 0.078 ../q3/./log/doc50cop1shlf1lif300_af0s1tTOTAL_gf10000i67d0m1000_seed258760793.log 78650 q3-extractinstructions.txt 20150711_185047 0.5 559f0b707768393544b7cdea
20150711_185041 50 1 1 300 100000 666549275 200 10000 9800 0 0 200 0 0 0 0 0 0 0 10000 67 0 1000 11 1.993 0.156 ../q3/./log/doc50cop1shlf1lif300_af0s1tTOTAL_gf10000i67d0m1000_seed666549275.log 91904 q3-extractinstructions.txt 20150711_185049 0.5 559f0b707768393544b7cdeb
20150711_185043 50 1 1 300 100000 376517787 162 10000 9838 0 0 162 0 0 0 0 0 0 0 10000 67 0 1000 7 1.865 0.125 ../q3/./log/doc50cop1shlf1lif300_af0s1tTOTAL_gf10000i67d0m1000_seed376517787.log 76144 q3-extractinstructions.txt 20150711_185051 0.5 559f0b707768393544b7cdec
20150711_185045 50 1 1 300 100000 817713633 155 10000 9845 0 0 155 0 0 0 0 0 0 0 10000 67 0 1000 8 1.843 0.109 ../q3/./log/doc50cop1shlf1lif300_af0s1tTOTAL_gf10000i67d0m1000_seed817713633.log 75562 q3-extractinstructions.txt 20150711_185053 0.5 559f0b707768393544b7cded
20150711_185047 50 1 1 300 100000 519606501 199 10000 9801 0 0 199 0 0 0 0 0 0 0 10000 67 0 1000 7 1.949 0.109 ../q3/./log/doc50cop1shlf1lif300_af0s1tTOTAL_gf10000i67d0m1000_seed519606501.log 89869 q3-extractinstructions.txt 20150711_185055 0.5 559f0b707768393544b7cdee
20150711_185049 50 1 1 300 100000 715258232 172 10000 9828 0 0 172 0 0 0 0 0 0 0 10000 67 0 1000 8 1.909 0.156 ../q3/./log/doc50cop1shlf1lif300_af0s1tTOTAL_gf10000i67d0m1000_seed715258232.log 82058 q3-extractinstructions.txt 20150711_185057 0.5 559f0b707768393544b7cdef
20150711_185052 50 1 1 300 100000 792850679 175 10000 9825 0 0 175 0 0 0 0 0 0 0 10000 67 0 1000 3 1.925 0.141 ../q3/./log/doc50cop1shlf1lif300_af0s1tTOTAL_gf10000i67d0m1000_seed792850679.log 76976 q3-extractinstructions.txt 20150711_185100 0.5 559f0b707768393544b7cdf0
20150711_185054 50 1 1 500 100000 919028296 126 10000 9874 0 0 126 0 0 0 0 0 0 0 10000 67 0 1000 11 1.852 0.047 ../q3/./log/doc50cop1shlf1lif500_af0s1tTOTAL_gf10000i67d0m1000_seed919028296.log 61467 q3-extractinstructions.txt 20150711_185102 0.5 559f0b707768393544b7ce5a
20150711_185056 50 1 1 500 100000 103765041 120 10000 9880 0 0 120 0 0 0 0 0 0 0 10000 67 0 1000 6 1.783 0.062 ../q3/./log/doc50cop1shlf1lif500_af0s1tTOTAL_gf10000i67d0m1000_seed103765041.log 59668 q3-extractinstructions.txt 20150711_185104 0.5 559f0b707768393544b7ce5b
20150711_185058 50 1 1 500 100000 141246882 107 10000 9893 0 0 107 0 0 0 0 0 0 0 10000 67 0 1000 1 2.028 0.094 ../q3/./log/doc50cop1shlf1lif500_af0s1tTOTAL_gf10000i67d0m1000_seed141246882.log 51664 q3-extractinstructions.txt 20150711_185106 0.5 559f0b707768393544b7ce5c
20150711_185100 50 1 1 500 100000 681028781 110 10000 9890 0 0 110 0 0 0 0 0 0 0 10000 67 0 1000 6 1.818 0.062 ../q3/./log/doc50cop1shlf1lif500_af0s1tTOTAL_gf10000i67d0m1000_seed681028781.log 55364 q3-extractinstructions.txt 20150711_185108 0.5 559f0b707768393544b7ce5d
20150711_185102 50 1 1 500 100000 117661523 126 10000 9874 0 0 126 0 0 0 0 0 0 0 10000 67 0 1000 5 1.835 0.077 ../q3/./log/doc50cop1shlf1lif500_af0s1tTOTAL_gf10000i67d0m1000_seed117661523.log 59618 q3-extractinstructions.txt 20150711_185110 0.5 559f0b707768393544b7ce5e
20150711_185104 50 1 1 500 100000 105731136 131 10000 9869 0 0 131 0 0 0 0 0 0 0 10000 67 0 1000 8 1.803 0.093 ../q3/./log/doc50cop1shlf1lif500_af0s1tTOTAL_gf10000i67d0m1000_seed105731136.log 63908 q3-extractinstructions.txt 20150711_185112 0.5 559f0b707768393544b7ce5f
20150711_185106 50 1 1 500 100000 967561224 114 10000 9886 0 0 114 0 0 0 0 0 0 0 10000 67 0 1000 5 1.776 0.093 ../q3/./log/doc50cop1shlf1lif500_af0s1tTOTAL_gf10000i67d0m1000_seed967561224.log 56670 q3-extractinstructions.txt 20150711_185114 0.5 559f0b707768393544b7ce60
20150711_185109 50 1 1 500 100000 420477893 116 10000 9884 0 0 116 0 0 0 0 0 0 0 10000 67 0 1000 9 1.798 0.077 ../q3/./log/doc50cop1shlf1lif500_af0s1tTOTAL_gf10000i67d0m1000_seed420477893.log 57592 q3-extractinstructions.txt 20150711_185116 0.5 559f0b707768393544b7ce61
20150711_185111 50 1 1 500 100000 263688301 109 10000 9891 0 0 109 0 0 0 0 0 0 0 10000 67 0 1000 7 1.778 0.078 ../q3/./log/doc50cop1shlf1lif500_af0s1tTOTAL_gf10000i67d0m1000_seed263688301.log 54113 q3-extractinstructions.txt 20150711_185118 0.5 559f0b707768393544b7ce62
20150711_185113 50 1 1 500 100000 50746969 103 10000 9897 0 0 103 0 0 0 0 0 0 0 10000 67 0 1000 8 1.701 0.093 ../q3/./log/doc50cop1shlf1lif500_af0s1tTOTAL_gf10000i67d0m1000_seed50746969.log 54807 q3-extractinstructions.txt 20150711_185121 0.5 559f0b707768393544b7ce63
20150711_185115 50 1 1 500 100000 533657980 112 10000 9888 0 0 112 0 0 0 0 0 0 0 10000 67 0 1000 7 1.721 0.063 ../q3/./log/doc50cop1shlf1lif500_af0s1tTOTAL_gf10000i67d0m1000_seed533657980.log 56880 q3-extractinstructions.txt 20150711_185123 0.5 559f0b707768393544b7ce64
20150711_185117 50 1 1 500 100000 711283608 92 10000 9908 0 0 92 0 0 0 0 0 0 0 10000 67 0 1000 7 1.669 0.047 ../q3/./log/doc50cop1shlf1lif500_af0s1tTOTAL_gf10000i67d0m1000_seed711283608.log 48050 q3-extractinstructions.txt 20150711_185124 0.5 559f0b707768393544b7ce65
20150711_185119 50 1 1 500 100000 597296547 113 10000 9887 0 0 113 0 0 0 0 0 0 0 10000 67 0 1000 7 1.811 0.078 ../q3/./log/doc50cop1shlf1lif500_af0s1tTOTAL_gf10000i67d0m1000_seed597296547.log 58131 q3-extractinstructions.txt 20150711_185127 0.5 559f0b707768393544b7ce66
20150711_185121 50 1 1 500 100000 664375964 104 10000 9896 0 0 104 0 0 0 0 0 0 0 10000 67 0 1000 7 1.725 0.046 ../q3/./log/doc50cop1shlf1lif500_af0s1tTOTAL_gf10000i67d0m1000_seed664375964.log 52892 q3-extractinstructions.txt 20150711_185129 0.5 559f0b707768393544b7ce67
20150711_185124 50 1 1 500 100000 258760793 97 10000 9903 0 0 97 0 0 0 0 0 0 0 10000 67 0 1000 1 1.677 0.094 ../q3/./log/doc50cop1shlf1lif500_af0s1tTOTAL_gf10000i67d0m1000_seed258760793.log 46894 q3-extractinstructions.txt 20150711_185131 0.5 559f0b707768393544b7ce68
20150711_185126 50 1 1 500 100000 666549275 106 10000 9894 0 0 106 0 0 0 0 0 0 0 10000 67 0 1000 8 1.777 0.141 ../q3/./log/doc50cop1shlf1lif500_af0s1tTOTAL_gf10000i67d0m1000_seed666549275.log 55195 q3-extractinstructions.txt 20150711_185133 0.5 559f0b707768393544b7ce69
20150711_185128 50 1 1 500 100000 376517787 92 10000 9908 0 0 92 0 0 0 0 0 0 0 10000 67 0 1000 5 1.714 0.031 ../q3/./log/doc50cop1shlf1lif500_af0s1tTOTAL_gf10000i67d0m1000_seed376517787.log 47653 q3-extractinstructions.txt 20150711_185135 0.5 559f0b707768393544b7ce6a
20150711_185130 50 1 1 500 100000 817713633 94 10000 9906 0 0 94 0 0 0 0 0 0 0 10000 67 0 1000 4 1.702 0.078 ../q3/./log/doc50cop1shlf1lif500_af0s1tTOTAL_gf10000i67d0m1000_seed817713633.log 49864 q3-extractinstructions.txt 20150711_185138 0.5 559f0b707768393544b7ce6b
20150711_185132 50 1 1 500 100000 519606501 127 10000 9873 0 0 127 0 0 0 0 0 0 0 10000 67 0 1000 11 1.754 0.124 ../q3/./log/doc50cop1shlf1lif500_af0s1tTOTAL_gf10000i67d0m1000_seed519606501.log 62633 q3-extractinstructions.txt 20150711_185140 0.5 559f0b707768393544b7ce6c
20150711_185134 50 1 1 500 100000 715258232 106 10000 9894 0 0 106 0 0 0 0 0 0 0 10000 67 0 1000 17 1.704 0.047 ../q3/./log/doc50cop1shlf1lif500_af0s1tTOTAL_gf10000i67d0m1000_seed715258232.log 57496 q3-extractinstructions.txt 20150711_185142 0.5 559f0b707768393544b7ce6d
20150711_185136 50 1 1 500 100000 792850679 99 10000 9901 0 0 99 0 0 0 0 0 0 0 10000 67 0 1000 1 1.679 0.046 ../q3/./log/doc50cop1shlf1lif500_af0s1tTOTAL_gf10000i67d0m1000_seed792850679.log 47290 q3-extractinstructions.txt 20150711_185144 0.5 559f0b707768393544b7ce6e
20150711_185138 50 1 1 1000 100000 919028296 65 10000 9935 0 0 65 0 0 0 0 0 0 0 10000 67 0 1000 10 1.608 0.031 ../q3/./log/doc50cop1shlf1lif1000_af0s1tTOTAL_gf10000i67d0m1000_seed919028296.log 35694 q3-extractinstructions.txt 20150711_185146 0.5 559f0b707768393544b7ced8
20150711_185140 50 1 1 1000 100000 103765041 62 10000 9938 0 0 62 0 0 0 0 0 0 0 10000 67 0 1000 6 1.622 0.032 ../q3/./log/doc50cop1shlf1lif1000_af0s1tTOTAL_gf10000i67d0m1000_seed103765041.log 37299 q3-extractinstructions.txt 20150711_185148 0.5 559f0b707768393544b7ced9
20150711_185143 50 1 1 1000 100000 141246882 56 10000 9944 0 0 56 0 0 0 0 0 0 0 10000 67 0 1000 1 1.598 0.031 ../q3/./log/doc50cop1shlf1lif1000_af0s1tTOTAL_gf10000i67d0m1000_seed141246882.log 31496 q3-extractinstructions.txt 20150711_185150 0.5 559f0b707768393544b7ceda
20150711_185145 50 1 1 1000 100000 681028781 53 10000 9947 0 0 53 0 0 0 0 0 0 0 10000 67 0 1000 7 1.563 0.016 ../q3/./log/doc50cop1shlf1lif1000_af0s1tTOTAL_gf10000i67d0m1000_seed681028781.log 32409 q3-extractinstructions.txt 20150711_185152 0.5 559f0b707768393544b7cedb
20150711_185147 50 1 1 1000 100000 117661523 62 10000 9938 0 0 62 0 0 0 0 0 0 0 10000 67 0 1000 5 1.602 0.047 ../q3/./log/doc50cop1shlf1lif1000_af0s1tTOTAL_gf10000i67d0m1000_seed117661523.log 33831 q3-extractinstructions.txt 20150711_185155 0.5 559f0b707768393544b7cedc
20150711_185149 50 1 1 1000 100000 105731136 60 10000 9940 0 0 60 0 0 0 0 0 0 0 10000 67 0 1000 11 1.562 0.062 ../q3/./log/doc50cop1shlf1lif1000_af0s1tTOTAL_gf10000i67d0m1000_seed105731136.log 36609 q3-extractinstructions.txt 20150711_185156 0.5 559f0b707768393544b7cedd
20150711_185151 50 1 1 1000 100000 967561224 45 10000 9955 0 0 45 0 0 0 0 0 0 0 10000 67 0 1000 6 1.498 0.016 ../q3/./log/doc50cop1shlf1lif1000_af0s1tTOTAL_gf10000i67d0m1000_seed967561224.log 30354 q3-extractinstructions.txt 20150711_185158 0.5 559f0b707768393544b7cede
20150711_185153 50 1 1 1000 100000 420477893 59 10000 9941 0 0 59 0 0 0 0 0 0 0 10000 67 0 1000 4 1.603 0.032 ../q3/./log/doc50cop1shlf1lif1000_af0s1tTOTAL_gf10000i67d0m1000_seed420477893.log 33960 q3-extractinstructions.txt 20150711_185201 0.5 559f0b707768393544b7cedf
20150711_185156 50 1 1 1000 100000 263688301 60 10000 9940 0 0 60 0 0 0 0 0 0 0 10000 67 0 1000 9 1.489 0.079 ../q3/./log/doc50cop1shlf1lif1000_af0s1tTOTAL_gf10000i67d0m1000_seed263688301.log 36619 q3-extractinstructions.txt 20150711_185203 0.5 559f0b707768393544b7cee0
20150711_185157 50 1 1 1000 100000 50746969 60 10000 9940 0 0 60 0 0 0 0 0 0 0 10000 67 0 1000 10 1.485 0.047 ../q3/./log/doc50cop1shlf1lif1000_af0s1tTOTAL_gf10000i67d0m1000_seed50746969.log 36937 q3-extractinstructions.txt 20150711_185205 0.5 559f0b707768393544b7cee1
20150711_185200 50 1 1 1000 100000 533657980 63 10000 9937 0 0 63 0 0 0 0 0 0 0 10000 67 0 1000 6 1.595 0.063 ../q3/./log/doc50cop1shlf1lif1000_af0s1tTOTAL_gf10000i67d0m1000_seed533657980.log 36534 q3-extractinstructions.txt 20150711_185207 0.5 559f0b707768393544b7cee2
20150711_185202 50 1 1 1000 100000 711283608 48 10000 9952 0 0 48 0 0 0 0 0 0 0 10000 67 0 1000 9 1.491 0.016 ../q3/./log/doc50cop1shlf1lif1000_af0s1tTOTAL_gf10000i67d0m1000_seed711283608.log 31645 q3-extractinstructions.txt 20150711_185209 0.5 559f0b707768393544b7cee3
20150711_185204 50 1 1 1000 100000 597296547 54 10000 9946 0 0 54 0 0 0 0 0 0 0 10000 67 0 1000 4 1.505 0.078 ../q3/./log/doc50cop1shlf1lif1000_af0s1tTOTAL_gf10000i67d0m1000_seed597296547.log 33745 q3-extractinstructions.txt 20150711_185211 0.5 559f0b707768393544b7cee4
20150711_185206 50 1 1 1000 100000 664375964 55 10000 9945 0 0 55 0 0 0 0 0 0 0 10000 67 0 1000 11 1.510 0.047 ../q3/./log/doc50cop1shlf1lif1000_af0s1tTOTAL_gf10000i67d0m1000_seed664375964.log 34859 q3-extractinstructions.txt 20150711_185213 0.5 559f0b707768393544b7cee5
20150711_185208 50 1 1 1000 100000 258760793 41 10000 9959 0 0 41 0 0 0 0 0 0 0 10000 67 0 1000 2 1.497 0.062 ../q3/./log/doc50cop1shlf1lif1000_af0s1tTOTAL_gf10000i67d0m1000_seed258760793.log 26653 q3-extractinstructions.txt 20150711_185215 0.5 559f0b707768393544b7cee6
20150711_185210 50 1 1 1000 100000 666549275 65 10000 9935 0 0 65 0 0 0 0 0 0 0 10000 67 0 1000 4 1.531 0.093 ../q3/./log/doc50cop1shlf1lif1000_af0s1tTOTAL_gf10000i67d0m1000_seed666549275.log 37089 q3-extractinstructions.txt 20150711_185217 0.5 559f0b707768393544b7cee7
20150711_185213 50 1 1 1000 100000 376517787 50 10000 9950 0 0 50 0 0 0 0 0 0 0 10000 67 0 1000 11 1.490 0.063 ../q3/./log/doc50cop1shlf1lif1000_af0s1tTOTAL_gf10000i67d0m1000_seed376517787.log 33558 q3-extractinstructions.txt 20150711_185220 0.5 559f0b707768393544b7cee8
20150711_185214 50 1 1 1000 100000 817713633 48 10000 9952 0 0 48 0 0 0 0 0 0 0 10000 67 0 1000 6 1.508 0.047 ../q3/./log/doc50cop1shlf1lif1000_af0s1tTOTAL_gf10000i67d0m1000_seed817713633.log 31182 q3-extractinstructions.txt 20150711_185222 0.5 559f0b707768393544b7cee9
20150711_185216 50 1 1 1000 100000 519606501 65 10000 9935 0 0 65 0 0 0 0 0 0 0 10000 67 0 1000 12 1.547 0.063 ../q3/./log/doc50cop1shlf1lif1000_af0s1tTOTAL_gf10000i67d0m1000_seed519606501.log 38956 q3-extractinstructions.txt 20150711_185224 0.5 559f0b707768393544b7ceea
20150711_185219 50 1 1 1000 100000 715258232 45 10000 9955 0 0 45 0 0 0 0 0 0 0 10000 67 0 1000 7 1.480 0.0 ../q3/./log/doc50cop1shlf1lif1000_af0s1tTOTAL_gf10000i67d0m1000_seed715258232.log 30394 q3-extractinstructions.txt 20150711_185226 0.5 559f0b707768393544b7ceeb
20150711_185221 50 1 1 1000 100000 792850679 52 10000 9948 0 0 52 0 0 0 0 0 0 0 10000 67 0 1000 4 1.476 0.016 ../q3/./log/doc50cop1shlf1lif1000_af0s1tTOTAL_gf10000i67d0m1000_seed792850679.log 31913 q3-extractinstructions.txt 20150711_185228 0.5 559f0b707768393544b7ceec
20150711_185223 50 1 1 2000 100000 919028296 35 10000 9965 0 0 35 0 0 0 0 0 0 0 10000 67 0 1000 5 1.445 0.031 ../q3/./log/doc50cop1shlf1lif2000_af0s1tTOTAL_gf10000i67d0m1000_seed919028296.log 24138 q3-extractinstructions.txt 20150711_185230 0.5 559f0b707768393544b7cf56
20150711_185225 50 1 1 2000 100000 103765041 31 10000 9969 0 0 31 0 0 0 0 0 0 0 10000 67 0 1000 9 1.437 0.062 ../q3/./log/doc50cop1shlf1lif2000_af0s1tTOTAL_gf10000i67d0m1000_seed103765041.log 24161 q3-extractinstructions.txt 20150711_185232 0.5 559f0b707768393544b7cf57
20150711_185227 50 1 1 2000 100000 141246882 19 10000 9981 0 0 19 0 0 0 0 0 0 0 10000 67 0 1000 1 1.390 0.031 ../q3/./log/doc50cop1shlf1lif2000_af0s1tTOTAL_gf10000i67d0m1000_seed141246882.log 17461 q3-extractinstructions.txt 20150711_185234 0.5 559f0b707768393544b7cf58
20150711_185229 50 1 1 2000 100000 681028781 24 10000 9976 0 0 24 0 0 0 0 0 0 0 10000 67 0 1000 11 1.412 0.0 ../q3/./log/doc50cop1shlf1lif2000_af0s1tTOTAL_gf10000i67d0m1000_seed681028781.log 23802 q3-extractinstructions.txt 20150711_185237 0.5 559f0b707768393544b7cf59
20150711_185231 50 1 1 2000 100000 117661523 28 10000 9972 0 0 28 0 0 0 0 0 0 0 10000 67 0 1000 6 1.403 0.015 ../q3/./log/doc50cop1shlf1lif2000_af0s1tTOTAL_gf10000i67d0m1000_seed117661523.log 21775 q3-extractinstructions.txt 20150711_185239 0.5 559f0b707768393544b7cf5a
20150711_185234 50 1 1 2000 100000 105731136 37 10000 9963 0 0 37 0 0 0 0 0 0 0 10000 67 0 1000 5 1.455 0.0 ../q3/./log/doc50cop1shlf1lif2000_af0s1tTOTAL_gf10000i67d0m1000_seed105731136.log 24900 q3-extractinstructions.txt 20150711_185241 0.5 559f0b707768393544b7cf5b
20150711_185236 50 1 1 2000 100000 967561224 26 10000 9974 0 0 26 0 0 0 0 0 0 0 10000 67 0 1000 3 1.428 0.015 ../q3/./log/doc50cop1shlf1lif2000_af0s1tTOTAL_gf10000i67d0m1000_seed967561224.log 19780 q3-extractinstructions.txt 20150711_185243 0.5 559f0b707768393544b7cf5c
20150711_185238 50 1 1 2000 100000 420477893 26 10000 9974 0 0 26 0 0 0 0 0 0 0 10000 67 0 1000 3 1.432 0.032 ../q3/./log/doc50cop1shlf1lif2000_af0s1tTOTAL_gf10000i67d0m1000_seed420477893.log 20227 q3-extractinstructions.txt 20150711_185245 0.5 559f0b707768393544b7cf5d
20150711_185240 50 1 1 2000 100000 263688301 27 10000 9973 0 0 27 0 0 0 0 0 0 0 10000 67 0 1000 7 1.415 0.016 ../q3/./log/doc50cop1shlf1lif2000_af0s1tTOTAL_gf10000i67d0m1000_seed263688301.log 22977 q3-extractinstructions.txt 20150711_185247 0.5 559f0b707768393544b7cf5e
20150711_185242 50 1 1 2000 100000 50746969 26 10000 9974 0 0 26 0 0 0 0 0 0 0 10000 67 0 1000 7 1.547 0.031 ../q3/./log/doc50cop1shlf1lif2000_af0s1tTOTAL_gf10000i67d0m1000_seed50746969.log 23309 q3-extractinstructions.txt 20150711_185249 0.5 559f0b707768393544b7cf5f
20150711_185245 50 1 1 2000 100000 533657980 27 10000 9973 0 0 27 0 0 0 0 0 0 0 10000 67 0 1000 9 1.410 0.015 ../q3/./log/doc50cop1shlf1lif2000_af0s1tTOTAL_gf10000i67d0m1000_seed533657980.log 23389 q3-extractinstructions.txt 20150711_185252 0.5 559f0b707768393544b7cf60
20150711_185246 50 1 1 2000 100000 711283608 27 10000 9973 0 0 27 0 0 0 0 0 0 0 10000 67 0 1000 7 1.458 0.016 ../q3/./log/doc50cop1shlf1lif2000_af0s1tTOTAL_gf10000i67d0m1000_seed711283608.log 22406 q3-extractinstructions.txt 20150711_185254 0.5 559f0b707768393544b7cf61
20150711_185249 50 1 1 2000 100000 597296547 33 10000 9967 0 0 33 0 0 0 0 0 0 0 10000 67 0 1000 1 1.508 0.032 ../q3/./log/doc50cop1shlf1lif2000_af0s1tTOTAL_gf10000i67d0m1000_seed597296547.log 23145 q3-extractinstructions.txt 20150711_185256 0.5 559f0b707768393544b7cf62
20150711_185251 50 1 1 2000 100000 664375964 22 10000 9978 0 0 22 0 0 0 0 0 0 0 10000 67 0 1000 7 1.480 0.015 ../q3/./log/doc50cop1shlf1lif2000_af0s1tTOTAL_gf10000i67d0m1000_seed664375964.log 20506 q3-extractinstructions.txt 20150711_185258 0.5 559f0b707768393544b7cf63
20150711_185253 50 1 1 2000 100000 258760793 24 10000 9976 0 0 24 0 0 0 0 0 0 0 10000 67 0 1000 5 1.430 0.0 ../q3/./log/doc50cop1shlf1lif2000_af0s1tTOTAL_gf10000i67d0m1000_seed258760793.log 21334 q3-extractinstructions.txt 20150711_185300 0.5 559f0b707768393544b7cf64
20150711_185255 50 1 1 2000 100000 666549275 36 10000 9964 0 0 36 0 0 0 0 0 0 0 10000 67 0 1000 8 1.455 0.031 ../q3/./log/doc50cop1shlf1lif2000_af0s1tTOTAL_gf10000i67d0m1000_seed666549275.log 26408 q3-extractinstructions.txt 20150711_185302 0.5 559f0b707768393544b7cf65
20150711_185257 50 1 1 2000 100000 376517787 33 10000 9967 0 0 33 0 0 0 0 0 0 0 10000 67 0 1000 5 1.460 0.0 ../q3/./log/doc50cop1shlf1lif2000_af0s1tTOTAL_gf10000i67d0m1000_seed376517787.log 23463 q3-extractinstructions.txt 20150711_185304 0.5 559f0b707768393544b7cf66
20150711_185259 50 1 1 2000 100000 817713633 33 10000 9967 0 0 33 0 0 0 0 0 0 0 10000 67 0 1000 6 1.473 0.016 ../q3/./log/doc50cop1shlf1lif2000_af0s1tTOTAL_gf10000i67d0m1000_seed817713633.log 24217 q3-extractinstructions.txt 20150711_185306 0.5 559f0b707768393544b7cf67
20150711_185301 50 1 1 2000 100000 519606501 28 10000 9972 0 0 28 0 0 0 0 0 0 0 10000 67 0 1000 7 1.469 0.0 ../q3/./log/doc50cop1shlf1lif2000_af0s1tTOTAL_gf10000i67d0m1000_seed519606501.log 23110 q3-extractinstructions.txt 20150711_185308 0.5 559f0b707768393544b7cf68
20150711_185303 50 1 1 2000 100000 715258232 24 10000 9976 0 0 24 0 0 0 0 0 0 0 10000 67 0 1000 5 1.384 0.0 ../q3/./log/doc50cop1shlf1lif2000_af0s1tTOTAL_gf10000i67d0m1000_seed715258232.log 20893 q3-extractinstructions.txt 20150711_185310 0.5 559f0b707768393544b7cf69
20150711_185306 50 1 1 2000 100000 792850679 23 10000 9977 0 0 23 0 0 0 0 0 0 0 10000 67 0 1000 1 1.390 0.0 ../q3/./log/doc50cop1shlf1lif2000_af0s1tTOTAL_gf10000i67d0m1000_seed792850679.log 18923 q3-extractinstructions.txt 20150711_185313 0.5 559f0b707768393544b7cf6a
