timestamp docsize shelfsize copies lifem simlength seed lost docstotal docsokay docsrepairedmajority docsrepairedminority docslost auditcycles auditfrequency auditsegments auditrepairs auditmajority auditminority auditlost glitchfreq glitchimpact glitchdecay glitchmaxlife nglitches walltime cputime logfilename logfilesize instructionfilename todaysdatetime extractorversion mongoid
20150711_185944 50 1 1 3 100000 919028296 8709 10000 1291 0 0 8709 0 0 0 0 0 0 0 10000 80 0 1000 6 34.943 8.096 ../q3/./log/doc50cop1shlf1lif3_af0s1tTOTAL_gf10000i80d0m1000_seed919028296.log 3797707 q3-extractinstructions.txt 20150711_190046 0.5 559f0b987768393544b9636c
20150711_185946 50 1 1 3 100000 103765041 8407 10000 1593 0 0 8407 0 0 0 0 0 0 0 10000 80 0 1000 3 34.392 8.111 ../q3/./log/doc50cop1shlf1lif3_af0s1tTOTAL_gf10000i80d0m1000_seed103765041.log 3666173 q3-extractinstructions.txt 20150711_190048 0.5 559f0b987768393544b9636d
20150711_185948 50 1 1 3 100000 141246882 8435 10000 1565 0 0 8435 0 0 0 0 0 0 0 10000 80 0 1000 3 34.799 8.206 ../q3/./log/doc50cop1shlf1lif3_af0s1tTOTAL_gf10000i80d0m1000_seed141246882.log 3668499 q3-extractinstructions.txt 20150711_190051 0.5 559f0b987768393544b9636e
20150711_185952 50 1 1 3 100000 117661523 8791 10000 1209 0 0 8791 0 0 0 0 0 0 0 10000 80 0 1000 6 35.874 9.438 ../q3/./log/doc50cop1shlf1lif3_af0s1tTOTAL_gf10000i80d0m1000_seed117661523.log 3820397 q3-extractinstructions.txt 20150711_190058 0.5 559f0b987768393544b96370
20150711_185950 50 1 1 3 100000 681028781 9113 10000 887 0 0 9113 0 0 0 0 0 0 0 10000 80 0 1000 11 38.685 10.186 ../q3/./log/doc50cop1shlf1lif3_af0s1tTOTAL_gf10000i80d0m1000_seed681028781.log 3986791 q3-extractinstructions.txt 20150711_190100 0.5 559f0b987768393544b9636f
20150711_185954 50 1 1 3 100000 105731136 8709 10000 1291 0 0 8709 0 0 0 0 0 0 0 10000 80 0 1000 6 36.246 8.924 ../q3/./log/doc50cop1shlf1lif3_af0s1tTOTAL_gf10000i80d0m1000_seed105731136.log 3797507 q3-extractinstructions.txt 20150711_190101 0.5 559f0b987768393544b96371
20150711_185959 50 1 1 3 100000 420477893 8500 10000 1500 0 0 8500 0 0 0 0 0 0 0 10000 80 0 1000 3 35.234 8.83 ../q3/./log/doc50cop1shlf1lif3_af0s1tTOTAL_gf10000i80d0m1000_seed420477893.log 3683904 q3-extractinstructions.txt 20150711_190103 0.5 559f0b987768393544b96373
20150711_185957 50 1 1 3 100000 967561224 8862 10000 1138 0 0 8862 0 0 0 0 0 0 0 10000 80 0 1000 8 37.262 8.876 ../q3/./log/doc50cop1shlf1lif3_af0s1tTOTAL_gf10000i80d0m1000_seed967561224.log 3871814 q3-extractinstructions.txt 20150711_190104 0.5 559f0b987768393544b96372
20150711_190021 50 1 1 3 100000 263688301 9017 10000 983 0 0 9017 0 0 0 0 0 0 0 10000 80 0 1000 10 54.105 8.829 ../q3/./log/doc50cop1shlf1lif3_af0s1tTOTAL_gf10000i80d0m1000_seed263688301.log 3941006 q3-extractinstructions.txt 20150711_190141 0.5 559f0b987768393544b96374
20150711_190034 50 1 1 3 100000 50746969 8651 10000 1349 0 0 8651 0 0 0 0 0 0 0 10000 80 0 1000 5 51.982 7.566 ../q3/./log/doc50cop1shlf1lif3_af0s1tTOTAL_gf10000i80d0m1000_seed50746969.log 3768026 q3-extractinstructions.txt 20150711_190150 0.5 559f0b987768393544b96375
20150711_190106 50 1 1 3 100000 533657980 8989 10000 1011 0 0 8989 0 0 0 0 0 0 0 10000 80 0 1000 9 38.065 9.609 ../q3/./log/doc50cop1shlf1lif3_af0s1tTOTAL_gf10000i80d0m1000_seed533657980.log 3927227 q3-extractinstructions.txt 20150711_190212 0.5 559f0b987768393544b96376
20150711_190108 50 1 1 3 100000 711283608 8849 10000 1151 0 0 8849 0 0 0 0 0 0 0 10000 80 0 1000 8 37.226 9.189 ../q3/./log/doc50cop1shlf1lif3_af0s1tTOTAL_gf10000i80d0m1000_seed711283608.log 3870495 q3-extractinstructions.txt 20150711_190214 0.5 559f0b987768393544b96377
20150711_190111 50 1 1 3 100000 597296547 8821 10000 1179 0 0 8821 0 0 0 0 0 0 0 10000 80 0 1000 8 37.478 9.719 ../q3/./log/doc50cop1shlf1lif3_af0s1tTOTAL_gf10000i80d0m1000_seed597296547.log 3851154 q3-extractinstructions.txt 20150711_190216 0.5 559f0b987768393544b96378
20150711_190113 50 1 1 3 100000 664375964 8841 10000 1159 0 0 8841 0 0 0 0 0 0 0 10000 80 0 1000 7 38.098 9.532 ../q3/./log/doc50cop1shlf1lif3_af0s1tTOTAL_gf10000i80d0m1000_seed664375964.log 3849129 q3-extractinstructions.txt 20150711_190220 0.5 559f0b987768393544b96379
20150711_190115 50 1 1 3 100000 258760793 8619 10000 1381 0 0 8619 0 0 0 0 0 0 0 10000 80 0 1000 4 36.422 9.173 ../q3/./log/doc50cop1shlf1lif3_af0s1tTOTAL_gf10000i80d0m1000_seed258760793.log 3746796 q3-extractinstructions.txt 20150711_190220 0.5 559f0b987768393544b9637a
20150711_190117 50 1 1 3 100000 666549275 8715 10000 1285 0 0 8715 0 0 0 0 0 0 0 10000 80 0 1000 6 40.635 9.64 ../q3/./log/doc50cop1shlf1lif3_af0s1tTOTAL_gf10000i80d0m1000_seed666549275.log 3787291 q3-extractinstructions.txt 20150711_190225 0.5 559f0b987768393544b9637b
20150711_190119 50 1 1 3 100000 376517787 8909 10000 1091 0 0 8909 0 0 0 0 0 0 0 10000 80 0 1000 9 49.339 9.001 ../q3/./log/doc50cop1shlf1lif3_af0s1tTOTAL_gf10000i80d0m1000_seed376517787.log 3883745 q3-extractinstructions.txt 20150711_190234 0.5 559f0b987768393544b9637c
20150711_190152 50 1 1 3 100000 817713633 8907 10000 1093 0 0 8907 0 0 0 0 0 0 0 10000 80 0 1000 9 52.829 7.832 ../q3/./log/doc50cop1shlf1lif3_af0s1tTOTAL_gf10000i80d0m1000_seed817713633.log 3889563 q3-extractinstructions.txt 20150711_190311 0.5 559f0b987768393544b9637d
20150711_190155 50 1 1 3 100000 519606501 9166 10000 834 0 0 9166 0 0 0 0 0 0 0 10000 80 0 1000 13 53.021 8.144 ../q3/./log/doc50cop1shlf1lif3_af0s1tTOTAL_gf10000i80d0m1000_seed519606501.log 4024583 q3-extractinstructions.txt 20150711_190316 0.5 559f0b987768393544b9637e
20150711_190235 50 1 1 5 100000 141246882 6574 10000 3426 0 0 6574 0 0 0 0 0 0 0 10000 80 0 1000 2 24.816 6.396 ../q3/./log/doc50cop1shlf1lif5_af0s1tTOTAL_gf10000i80d0m1000_seed141246882.log 2804570 q3-extractinstructions.txt 20150711_190324 0.5 559f0b987768393544b963ec
20150711_190231 50 1 1 5 100000 919028296 7235 10000 2765 0 0 7235 0 0 0 0 0 0 0 10000 80 0 1000 9 28.009 6.989 ../q3/./log/doc50cop1shlf1lif5_af0s1tTOTAL_gf10000i80d0m1000_seed919028296.log 3106151 q3-extractinstructions.txt 20150711_190324 0.5 559f0b987768393544b963ea
20150711_190233 50 1 1 5 100000 103765041 6926 10000 3074 0 0 6926 0 0 0 0 0 0 0 10000 80 0 1000 5 26.399 6.692 ../q3/./log/doc50cop1shlf1lif5_af0s1tTOTAL_gf10000i80d0m1000_seed103765041.log 2965552 q3-extractinstructions.txt 20150711_190324 0.5 559f0b987768393544b963eb
20150711_190237 50 1 1 5 100000 681028781 6856 10000 3144 0 0 6856 0 0 0 0 0 0 0 10000 80 0 1000 6 27.134 7.052 ../q3/./log/doc50cop1shlf1lif5_af0s1tTOTAL_gf10000i80d0m1000_seed681028781.log 2922965 q3-extractinstructions.txt 20150711_190328 0.5 559f0b987768393544b963ed
20150711_190229 50 1 1 3 100000 792850679 8588 10000 1412 0 0 8588 0 0 0 0 0 0 0 10000 80 0 1000 5 35.032 8.565 ../q3/./log/doc50cop1shlf1lif3_af0s1tTOTAL_gf10000i80d0m1000_seed792850679.log 3733668 q3-extractinstructions.txt 20150711_190331 0.5 559f0b987768393544b96380
20150711_190227 50 1 1 3 100000 715258232 8835 10000 1165 0 0 8835 0 0 0 0 0 0 0 10000 80 0 1000 7 37.724 9.579 ../q3/./log/doc50cop1shlf1lif3_af0s1tTOTAL_gf10000i80d0m1000_seed715258232.log 3848640 q3-extractinstructions.txt 20150711_190333 0.5 559f0b987768393544b9637f
20150711_190249 50 1 1 5 100000 117661523 7121 10000 2879 0 0 7121 0 0 0 0 0 0 0 10000 80 0 1000 6 42.333 6.272 ../q3/./log/doc50cop1shlf1lif5_af0s1tTOTAL_gf10000i80d0m1000_seed117661523.log 3040477 q3-extractinstructions.txt 20150711_190353 0.5 559f0b987768393544b963ee
20150711_190324 50 1 1 5 100000 105731136 7107 10000 2893 0 0 7107 0 0 0 0 0 0 0 10000 80 0 1000 6 33.780 5.321 ../q3/./log/doc50cop1shlf1lif5_af0s1tTOTAL_gf10000i80d0m1000_seed105731136.log 3055474 q3-extractinstructions.txt 20150711_190417 0.5 559f0b987768393544b963ef
20150711_190334 50 1 1 5 100000 967561224 6644 10000 3356 0 0 6644 0 0 0 0 0 0 0 10000 80 0 1000 3 32.148 4.711 ../q3/./log/doc50cop1shlf1lif5_af0s1tTOTAL_gf10000i80d0m1000_seed967561224.log 2831123 q3-extractinstructions.txt 20150711_190425 0.5 559f0b987768393544b963f0
20150711_190336 50 1 1 5 100000 420477893 7113 10000 2887 0 0 7113 0 0 0 0 0 0 0 10000 80 0 1000 8 35.616 5.18 ../q3/./log/doc50cop1shlf1lif5_af0s1tTOTAL_gf10000i80d0m1000_seed420477893.log 3038159 q3-extractinstructions.txt 20150711_190434 0.5 559f0b987768393544b963f1
20150711_190339 50 1 1 5 100000 263688301 7324 10000 2676 0 0 7324 0 0 0 0 0 0 0 10000 80 0 1000 9 37.718 5.85 ../q3/./log/doc50cop1shlf1lif5_af0s1tTOTAL_gf10000i80d0m1000_seed263688301.log 3139179 q3-extractinstructions.txt 20150711_190440 0.5 559f0b987768393544b963f2
20150711_190341 50 1 1 5 100000 50746969 6989 10000 3011 0 0 6989 0 0 0 0 0 0 0 10000 80 0 1000 5 35.994 5.475 ../q3/./log/doc50cop1shlf1lif5_af0s1tTOTAL_gf10000i80d0m1000_seed50746969.log 2981142 q3-extractinstructions.txt 20150711_190440 0.5 559f0b987768393544b963f3
20150711_190343 50 1 1 5 100000 533657980 7265 10000 2735 0 0 7265 0 0 0 0 0 0 0 10000 80 0 1000 7 36.405 6.443 ../q3/./log/doc50cop1shlf1lif5_af0s1tTOTAL_gf10000i80d0m1000_seed533657980.log 3117584 q3-extractinstructions.txt 20150711_190442 0.5 559f0b987768393544b963f4
20150711_190346 50 1 1 5 100000 711283608 7180 10000 2820 0 0 7180 0 0 0 0 0 0 0 10000 80 0 1000 7 35.245 5.928 ../q3/./log/doc50cop1shlf1lif5_af0s1tTOTAL_gf10000i80d0m1000_seed711283608.log 3082805 q3-extractinstructions.txt 20150711_190443 0.5 559f0b987768393544b963f5
20150711_190357 50 1 1 5 100000 597296547 7175 10000 2825 0 0 7175 0 0 0 0 0 0 0 10000 80 0 1000 7 37.218 5.6 ../q3/./log/doc50cop1shlf1lif5_af0s1tTOTAL_gf10000i80d0m1000_seed597296547.log 3069315 q3-extractinstructions.txt 20150711_190454 0.5 559f0b987768393544b963f6
20150711_190410 50 1 1 5 100000 664375964 7409 10000 2591 0 0 7409 0 0 0 0 0 0 0 10000 80 0 1000 9 38.444 6.582 ../q3/./log/doc50cop1shlf1lif5_af0s1tTOTAL_gf10000i80d0m1000_seed664375964.log 3181498 q3-extractinstructions.txt 20150711_190509 0.5 559f0b987768393544b963f7
20150711_190421 50 1 1 5 100000 258760793 6677 10000 3323 0 0 6677 0 0 0 0 0 0 0 10000 80 0 1000 2 33.085 5.553 ../q3/./log/doc50cop1shlf1lif5_af0s1tTOTAL_gf10000i80d0m1000_seed258760793.log 2839053 q3-extractinstructions.txt 20150711_190514 0.5 559f0b987768393544b963f8
20150711_190446 50 1 1 5 100000 376517787 6771 10000 3229 0 0 6771 0 0 0 0 0 0 0 10000 80 0 1000 4 28.398 5.039 ../q3/./log/doc50cop1shlf1lif5_af0s1tTOTAL_gf10000i80d0m1000_seed376517787.log 2875921 q3-extractinstructions.txt 20150711_190535 0.5 559f0b987768393544b963fa
20150711_190444 50 1 1 5 100000 666549275 6962 10000 3038 0 0 6962 0 0 0 0 0 0 0 10000 80 0 1000 5 29.541 5.163 ../q3/./log/doc50cop1shlf1lif5_af0s1tTOTAL_gf10000i80d0m1000_seed666549275.log 2972259 q3-extractinstructions.txt 20150711_190534 0.5 559f0b987768393544b963f9
20150711_190458 50 1 1 5 100000 817713633 7230 10000 2770 0 0 7230 0 0 0 0 0 0 0 10000 80 0 1000 8 30.197 6.084 ../q3/./log/doc50cop1shlf1lif5_af0s1tTOTAL_gf10000i80d0m1000_seed817713633.log 3101766 q3-extractinstructions.txt 20150711_190550 0.5 559f0b987768393544b963fb
20150711_190500 50 1 1 5 100000 519606501 7002 10000 2998 0 0 7002 0 0 0 0 0 0 0 10000 80 0 1000 5 28.707 6.443 ../q3/./log/doc50cop1shlf1lif5_af0s1tTOTAL_gf10000i80d0m1000_seed519606501.log 2998317 q3-extractinstructions.txt 20150711_190551 0.5 559f0b987768393544b963fc
20150711_190516 50 1 1 10 100000 919028296 5006 10000 4994 0 0 5006 0 0 0 0 0 0 0 10000 80 0 1000 10 19.965 4.633 ../q3/./log/doc50cop1shlf1lif10_af0s1tTOTAL_gf10000i80d0m1000_seed919028296.log 2108739 q3-extractinstructions.txt 20150711_190554 0.5 559f0b987768393544b96468
20150711_190505 50 1 1 5 100000 792850679 6951 10000 3049 0 0 6951 0 0 0 0 0 0 0 10000 80 0 1000 5 26.886 6.115 ../q3/./log/doc50cop1shlf1lif5_af0s1tTOTAL_gf10000i80d0m1000_seed792850679.log 2965235 q3-extractinstructions.txt 20150711_190554 0.5 559f0b987768393544b963fe
20150711_190518 50 1 1 10 100000 103765041 4975 10000 5025 0 0 4975 0 0 0 0 0 0 0 10000 80 0 1000 10 19.927 4.243 ../q3/./log/doc50cop1shlf1lif10_af0s1tTOTAL_gf10000i80d0m1000_seed103765041.log 2087736 q3-extractinstructions.txt 20150711_190556 0.5 559f0b987768393544b96469
20150711_190503 50 1 1 5 100000 715258232 7653 10000 2347 0 0 7653 0 0 0 0 0 0 0 10000 80 0 1000 11 30.791 7.114 ../q3/./log/doc50cop1shlf1lif5_af0s1tTOTAL_gf10000i80d0m1000_seed715258232.log 3286784 q3-extractinstructions.txt 20150711_190558 0.5 559f0b987768393544b963fd
20150711_190531 50 1 1 10 100000 141246882 4071 10000 5929 0 0 4071 0 0 0 0 0 0 0 10000 80 0 1000 1 23.138 3.073 ../q3/./log/doc50cop1shlf1lif10_af0s1tTOTAL_gf10000i80d0m1000_seed141246882.log 1697082 q3-extractinstructions.txt 20150711_190608 0.5 559f0b987768393544b9646a
20150711_190556 50 1 1 10 100000 117661523 4293 10000 5707 0 0 4293 0 0 0 0 0 0 0 10000 80 0 1000 4 17.820 2.917 ../q3/./log/doc50cop1shlf1lif10_af0s1tTOTAL_gf10000i80d0m1000_seed117661523.log 1777274 q3-extractinstructions.txt 20150711_190629 0.5 559f0b987768393544b9646c
20150711_190558 50 1 1 10 100000 105731136 4299 10000 5701 0 0 4299 0 0 0 0 0 0 0 10000 80 0 1000 3 17.802 3.011 ../q3/./log/doc50cop1shlf1lif10_af0s1tTOTAL_gf10000i80d0m1000_seed105731136.log 1788624 q3-extractinstructions.txt 20150711_190632 0.5 559f0b987768393544b9646d
20150711_190559 50 1 1 10 100000 967561224 4247 10000 5753 0 0 4247 0 0 0 0 0 0 0 10000 80 0 1000 3 17.589 2.824 ../q3/./log/doc50cop1shlf1lif10_af0s1tTOTAL_gf10000i80d0m1000_seed967561224.log 1766365 q3-extractinstructions.txt 20150711_190633 0.5 559f0b987768393544b9646e
20150711_190554 50 1 1 10 100000 681028781 5217 10000 4783 0 0 5217 0 0 0 0 0 0 0 10000 80 0 1000 12 21.772 3.65 ../q3/./log/doc50cop1shlf1lif10_af0s1tTOTAL_gf10000i80d0m1000_seed681028781.log 2192807 q3-extractinstructions.txt 20150711_190634 0.5 559f0b987768393544b9646b
20150711_190611 50 1 1 10 100000 420477893 4471 10000 5529 0 0 4471 0 0 0 0 0 0 0 10000 80 0 1000 5 23.896 3.323 ../q3/./log/doc50cop1shlf1lif10_af0s1tTOTAL_gf10000i80d0m1000_seed420477893.log 1858919 q3-extractinstructions.txt 20150711_190649 0.5 559f0b987768393544b9646f
20150711_190614 50 1 1 10 100000 263688301 4715 10000 5285 0 0 4715 0 0 0 0 0 0 0 10000 80 0 1000 8 24.233 3.121 ../q3/./log/doc50cop1shlf1lif10_af0s1tTOTAL_gf10000i80d0m1000_seed263688301.log 1970729 q3-extractinstructions.txt 20150711_190654 0.5 559f0b987768393544b96470
20150711_190616 50 1 1 10 100000 50746969 4852 10000 5148 0 0 4852 0 0 0 0 0 0 0 10000 80 0 1000 9 24.140 2.792 ../q3/./log/doc50cop1shlf1lif10_af0s1tTOTAL_gf10000i80d0m1000_seed50746969.log 2030910 q3-extractinstructions.txt 20150711_190657 0.5 559f0b987768393544b96471
20150711_190625 50 1 1 10 100000 597296547 4182 10000 5818 0 0 4182 0 0 0 0 0 0 0 10000 80 0 1000 2 20.365 2.62 ../q3/./log/doc50cop1shlf1lif10_af0s1tTOTAL_gf10000i80d0m1000_seed597296547.log 1731794 q3-extractinstructions.txt 20150711_190701 0.5 559f0b987768393544b96474
20150711_190618 50 1 1 10 100000 533657980 4921 10000 5079 0 0 4921 0 0 0 0 0 0 0 10000 80 0 1000 9 25.843 3.197 ../q3/./log/doc50cop1shlf1lif10_af0s1tTOTAL_gf10000i80d0m1000_seed533657980.log 2062989 q3-extractinstructions.txt 20150711_190701 0.5 559f0b987768393544b96472
20150711_190621 50 1 1 10 100000 711283608 4699 10000 5301 0 0 4699 0 0 0 0 0 0 0 10000 80 0 1000 7 24.730 3.182 ../q3/./log/doc50cop1shlf1lif10_af0s1tTOTAL_gf10000i80d0m1000_seed711283608.log 1963394 q3-extractinstructions.txt 20150711_190703 0.5 559f0b987768393544b96473
20150711_190645 50 1 1 10 100000 664375964 4591 10000 5409 0 0 4591 0 0 0 0 0 0 0 10000 80 0 1000 6 23.136 3.26 ../q3/./log/doc50cop1shlf1lif10_af0s1tTOTAL_gf10000i80d0m1000_seed664375964.log 1912761 q3-extractinstructions.txt 20150711_190723 0.5 559f0b987768393544b96475
20150711_190647 50 1 1 10 100000 258760793 4335 10000 5665 0 0 4335 0 0 0 0 0 0 0 10000 80 0 1000 3 21.605 3.308 ../q3/./log/doc50cop1shlf1lif10_af0s1tTOTAL_gf10000i80d0m1000_seed258760793.log 1799070 q3-extractinstructions.txt 20150711_190724 0.5 559f0b987768393544b96476
20150711_190650 50 1 1 10 100000 666549275 4193 10000 5807 0 0 4193 0 0 0 0 0 0 0 10000 80 0 1000 2 19.615 2.995 ../q3/./log/doc50cop1shlf1lif10_af0s1tTOTAL_gf10000i80d0m1000_seed666549275.log 1731338 q3-extractinstructions.txt 20150711_190724 0.5 559f0b987768393544b96477
20150711_190653 50 1 1 10 100000 376517787 4774 10000 5226 0 0 4774 0 0 0 0 0 0 0 10000 80 0 1000 8 19.814 3.448 ../q3/./log/doc50cop1shlf1lif10_af0s1tTOTAL_gf10000i80d0m1000_seed376517787.log 1982951 q3-extractinstructions.txt 20150711_190728 0.5 559f0b987768393544b96478
20150711_190706 50 1 1 10 100000 519606501 4415 10000 5585 0 0 4415 0 0 0 0 0 0 0 10000 80 0 1000 4 20.515 2.87 ../q3/./log/doc50cop1shlf1lif10_af0s1tTOTAL_gf10000i80d0m1000_seed519606501.log 1836836 q3-extractinstructions.txt 20150711_190741 0.5 559f0b987768393544b9647a
20150711_190704 50 1 1 10 100000 817713633 4940 10000 5060 0 0 4940 0 0 0 0 0 0 0 10000 80 0 1000 10 22.652 3.432 ../q3/./log/doc50cop1shlf1lif10_af0s1tTOTAL_gf10000i80d0m1000_seed817713633.log 2067013 q3-extractinstructions.txt 20150711_190743 0.5 559f0b987768393544b96479
20150711_190720 50 1 1 10 100000 715258232 4630 10000 5370 0 0 4630 0 0 0 0 0 0 0 10000 80 0 1000 6 21.380 2.901 ../q3/./log/doc50cop1shlf1lif10_af0s1tTOTAL_gf10000i80d0m1000_seed715258232.log 1930727 q3-extractinstructions.txt 20150711_190757 0.5 559f0b987768393544b9647b
20150711_190733 50 1 1 20 100000 919028296 2772 10000 7228 0 0 2772 0 0 0 0 0 0 0 10000 80 0 1000 8 12.245 2.278 ../q3/./log/doc50cop1shlf1lif20_af0s1tTOTAL_gf10000i80d0m1000_seed919028296.log 1136270 q3-extractinstructions.txt 20150711_190757 0.5 559f0b987768393544b964e6
20150711_190737 50 1 1 20 100000 141246882 2231 10000 7769 0 0 2231 0 0 0 0 0 0 0 10000 80 0 1000 1 8.689 1.732 ../q3/./log/doc50cop1shlf1lif20_af0s1tTOTAL_gf10000i80d0m1000_seed141246882.log 910129 q3-extractinstructions.txt 20150711_190758 0.5 559f0b987768393544b964e8
20150711_190736 50 1 1 20 100000 103765041 2442 10000 7558 0 0 2442 0 0 0 0 0 0 0 10000 80 0 1000 3 9.862 1.904 ../q3/./log/doc50cop1shlf1lif20_af0s1tTOTAL_gf10000i80d0m1000_seed103765041.log 999006 q3-extractinstructions.txt 20150711_190758 0.5 559f0b987768393544b964e7
20150711_190722 50 1 1 10 100000 792850679 4813 10000 5187 0 0 4813 0 0 0 0 0 0 0 10000 80 0 1000 8 20.608 3.261 ../q3/./log/doc50cop1shlf1lif10_af0s1tTOTAL_gf10000i80d0m1000_seed792850679.log 2008814 q3-extractinstructions.txt 20150711_190759 0.5 559f0b987768393544b9647c
20150711_190739 50 1 1 20 100000 681028781 2674 10000 7326 0 0 2674 0 0 0 0 0 0 0 10000 80 0 1000 7 9.662 1.778 ../q3/./log/doc50cop1shlf1lif20_af0s1tTOTAL_gf10000i80d0m1000_seed681028781.log 1095981 q3-extractinstructions.txt 20150711_190801 0.5 559f0b987768393544b964e9
20150711_190751 50 1 1 20 100000 117661523 2537 10000 7463 0 0 2537 0 0 0 0 0 0 0 10000 80 0 1000 4 13.158 1.622 ../q3/./log/doc50cop1shlf1lif20_af0s1tTOTAL_gf10000i80d0m1000_seed117661523.log 1033328 q3-extractinstructions.txt 20150711_190815 0.5 559f0b987768393544b964ea
20150711_190757 50 1 1 20 100000 967561224 2555 10000 7445 0 0 2555 0 0 0 0 0 0 0 10000 80 0 1000 6 9.155 1.654 ../q3/./log/doc50cop1shlf1lif20_af0s1tTOTAL_gf10000i80d0m1000_seed967561224.log 1049656 q3-extractinstructions.txt 20150711_190818 0.5 559f0b987768393544b964ec
20150711_190755 50 1 1 20 100000 105731136 2847 10000 7153 0 0 2847 0 0 0 0 0 0 0 10000 80 0 1000 10 11.866 2.012 ../q3/./log/doc50cop1shlf1lif20_af0s1tTOTAL_gf10000i80d0m1000_seed105731136.log 1176425 q3-extractinstructions.txt 20150711_190819 0.5 559f0b987768393544b964eb
20150711_190808 50 1 1 20 100000 420477893 2388 10000 7612 0 0 2388 0 0 0 0 0 0 0 10000 80 0 1000 3 12.531 1.67 ../q3/./log/doc50cop1shlf1lif20_af0s1tTOTAL_gf10000i80d0m1000_seed420477893.log 973149 q3-extractinstructions.txt 20150711_190830 0.5 559f0b987768393544b964ed
20150711_190810 50 1 1 20 100000 263688301 2691 10000 7309 0 0 2691 0 0 0 0 0 0 0 10000 80 0 1000 7 13.517 1.966 ../q3/./log/doc50cop1shlf1lif20_af0s1tTOTAL_gf10000i80d0m1000_seed263688301.log 1097721 q3-extractinstructions.txt 20150711_190833 0.5 559f0b987768393544b964ee
20150711_190812 50 1 1 20 100000 50746969 2581 10000 7419 0 0 2581 0 0 0 0 0 0 0 10000 80 0 1000 5 12.627 2.278 ../q3/./log/doc50cop1shlf1lif20_af0s1tTOTAL_gf10000i80d0m1000_seed50746969.log 1046591 q3-extractinstructions.txt 20150711_190835 0.5 559f0b987768393544b964ef
20150711_190817 50 1 1 20 100000 711283608 2559 10000 7441 0 0 2559 0 0 0 0 0 0 0 10000 80 0 1000 6 10.183 1.889 ../q3/./log/doc50cop1shlf1lif20_af0s1tTOTAL_gf10000i80d0m1000_seed711283608.log 1042275 q3-extractinstructions.txt 20150711_190838 0.5 559f0b987768393544b964f1
20150711_190815 50 1 1 20 100000 533657980 2926 10000 7074 0 0 2926 0 0 0 0 0 0 0 10000 80 0 1000 10 12.251 2.185 ../q3/./log/doc50cop1shlf1lif20_af0s1tTOTAL_gf10000i80d0m1000_seed533657980.log 1203131 q3-extractinstructions.txt 20150711_190840 0.5 559f0b987768393544b964f0
20150711_190819 50 1 1 20 100000 597296547 2772 10000 7228 0 0 2772 0 0 0 0 0 0 0 10000 80 0 1000 8 10.431 2.013 ../q3/./log/doc50cop1shlf1lif20_af0s1tTOTAL_gf10000i80d0m1000_seed597296547.log 1136984 q3-extractinstructions.txt 20150711_190842 0.5 559f0b987768393544b964f2
20150711_190821 50 1 1 20 100000 664375964 2849 10000 7151 0 0 2849 0 0 0 0 0 0 0 10000 80 0 1000 8 10.899 1.966 ../q3/./log/doc50cop1shlf1lif20_af0s1tTOTAL_gf10000i80d0m1000_seed664375964.log 1162179 q3-extractinstructions.txt 20150711_190843 0.5 559f0b987768393544b964f3
20150711_190833 50 1 1 20 100000 258760793 2578 10000 7422 0 0 2578 0 0 0 0 0 0 0 10000 80 0 1000 5 12.408 2.121 ../q3/./log/doc50cop1shlf1lif20_af0s1tTOTAL_gf10000i80d0m1000_seed258760793.log 1058764 q3-extractinstructions.txt 20150711_190856 0.5 559f0b987768393544b964f4
20150711_190835 50 1 1 20 100000 666549275 2666 10000 7334 0 0 2666 0 0 0 0 0 0 0 10000 80 0 1000 5 11.273 2.012 ../q3/./log/doc50cop1shlf1lif20_af0s1tTOTAL_gf10000i80d0m1000_seed666549275.log 1087195 q3-extractinstructions.txt 20150711_190858 0.5 559f0b987768393544b964f5
20150711_190838 50 1 1 20 100000 376517787 2725 10000 7275 0 0 2725 0 0 0 0 0 0 0 10000 80 0 1000 6 9.961 2.027 ../q3/./log/doc50cop1shlf1lif20_af0s1tTOTAL_gf10000i80d0m1000_seed376517787.log 1109168 q3-extractinstructions.txt 20150711_190900 0.5 559f0b987768393544b964f6
20150711_190849 50 1 1 20 100000 817713633 2626 10000 7374 0 0 2626 0 0 0 0 0 0 0 10000 80 0 1000 6 12.126 1.904 ../q3/./log/doc50cop1shlf1lif20_af0s1tTOTAL_gf10000i80d0m1000_seed817713633.log 1085327 q3-extractinstructions.txt 20150711_190911 0.5 559f0b987768393544b964f7
20150711_190851 50 1 1 20 100000 519606501 3115 10000 6885 0 0 3115 0 0 0 0 0 0 0 10000 80 0 1000 12 13.611 2.246 ../q3/./log/doc50cop1shlf1lif20_af0s1tTOTAL_gf10000i80d0m1000_seed519606501.log 1278321 q3-extractinstructions.txt 20150711_190917 0.5 559f0b987768393544b964f8
20150711_190858 50 1 1 30 100000 919028296 2035 10000 7965 0 0 2035 0 0 0 0 0 0 0 10000 80 0 1000 11 8.288 1.825 ../q3/./log/doc50cop1shlf1lif30_af0s1tTOTAL_gf10000i80d0m1000_seed919028296.log 827157 q3-extractinstructions.txt 20150711_190917 0.5 559f0b987768393544b96564
20150711_190854 50 1 1 20 100000 715258232 2771 10000 7229 0 0 2771 0 0 0 0 0 0 0 10000 80 0 1000 7 12.208 2.169 ../q3/./log/doc50cop1shlf1lif20_af0s1tTOTAL_gf10000i80d0m1000_seed715258232.log 1131958 q3-extractinstructions.txt 20150711_190918 0.5 559f0b987768393544b964f9
20150711_190900 50 1 1 30 100000 103765041 2038 10000 7962 0 0 2038 0 0 0 0 0 0 0 10000 80 0 1000 9 7.757 1.748 ../q3/./log/doc50cop1shlf1lif30_af0s1tTOTAL_gf10000i80d0m1000_seed103765041.log 832448 q3-extractinstructions.txt 20150711_190919 0.5 559f0b987768393544b96565
20150711_190856 50 1 1 20 100000 792850679 2627 10000 7373 0 0 2627 0 0 0 0 0 0 0 10000 80 0 1000 6 10.801 2.339 ../q3/./log/doc50cop1shlf1lif20_af0s1tTOTAL_gf10000i80d0m1000_seed792850679.log 1071617 q3-extractinstructions.txt 20150711_190919 0.5 559f0b987768393544b964fa
20150711_190903 50 1 1 30 100000 141246882 1575 10000 8425 0 0 1575 0 0 0 0 0 0 0 10000 80 0 1000 1 6.489 1.123 ../q3/./log/doc50cop1shlf1lif30_af0s1tTOTAL_gf10000i80d0m1000_seed141246882.log 642419 q3-extractinstructions.txt 20150711_190919 0.5 559f0b987768393544b96566
20150711_190916 50 1 1 30 100000 681028781 1835 10000 8165 0 0 1835 0 0 0 0 0 0 0 10000 80 0 1000 5 8.202 1.263 ../q3/./log/doc50cop1shlf1lif30_af0s1tTOTAL_gf10000i80d0m1000_seed681028781.log 742576 q3-extractinstructions.txt 20150711_190933 0.5 559f0b987768393544b96567
20150711_190919 50 1 1 30 100000 117661523 1853 10000 8147 0 0 1853 0 0 0 0 0 0 0 10000 80 0 1000 7 6.711 1.031 ../q3/./log/doc50cop1shlf1lif30_af0s1tTOTAL_gf10000i80d0m1000_seed117661523.log 756583 q3-extractinstructions.txt 20150711_190935 0.5 559f0b987768393544b96568
20150711_190929 50 1 1 30 100000 105731136 1672 10000 8328 0 0 1672 0 0 0 0 0 0 0 10000 80 0 1000 4 8.103 1.076 ../q3/./log/doc50cop1shlf1lif30_af0s1tTOTAL_gf10000i80d0m1000_seed105731136.log 678776 q3-extractinstructions.txt 20150711_190945 0.5 559f0b987768393544b96569
20150711_190931 50 1 1 30 100000 967561224 1976 10000 8024 0 0 1976 0 0 0 0 0 0 0 10000 80 0 1000 9 8.856 1.388 ../q3/./log/doc50cop1shlf1lif30_af0s1tTOTAL_gf10000i80d0m1000_seed967561224.log 810222 q3-extractinstructions.txt 20150711_190950 0.5 559f0b987768393544b9656a
20150711_190934 50 1 1 30 100000 420477893 1683 10000 8317 0 0 1683 0 0 0 0 0 0 0 10000 80 0 1000 3 7.410 1.092 ../q3/./log/doc50cop1shlf1lif30_af0s1tTOTAL_gf10000i80d0m1000_seed420477893.log 682898 q3-extractinstructions.txt 20150711_190950 0.5 559f0b987768393544b9656b
20150711_190935 50 1 1 30 100000 263688301 1865 10000 8135 0 0 1865 0 0 0 0 0 0 0 10000 80 0 1000 7 7.833 1.279 ../q3/./log/doc50cop1shlf1lif30_af0s1tTOTAL_gf10000i80d0m1000_seed263688301.log 759334 q3-extractinstructions.txt 20150711_190953 0.5 559f0b987768393544b9656c
20150711_190937 50 1 1 30 100000 50746969 1912 10000 8088 0 0 1912 0 0 0 0 0 0 0 10000 80 0 1000 8 8.497 1.263 ../q3/./log/doc50cop1shlf1lif30_af0s1tTOTAL_gf10000i80d0m1000_seed50746969.log 778734 q3-extractinstructions.txt 20150711_190955 0.5 559f0b987768393544b9656d
20150711_190940 50 1 1 30 100000 533657980 1967 10000 8033 0 0 1967 0 0 0 0 0 0 0 10000 80 0 1000 6 10.459 1.373 ../q3/./log/doc50cop1shlf1lif30_af0s1tTOTAL_gf10000i80d0m1000_seed533657980.log 807728 q3-extractinstructions.txt 20150711_190959 0.5 559f0b987768393544b9656e
20150711_190942 50 1 1 30 100000 711283608 1910 10000 8090 0 0 1910 0 0 0 0 0 0 0 10000 80 0 1000 9 10.691 1.372 ../q3/./log/doc50cop1shlf1lif30_af0s1tTOTAL_gf10000i80d0m1000_seed711283608.log 786243 q3-extractinstructions.txt 20150711_191002 0.5 559f0b987768393544b9656f
20150711_190945 50 1 1 30 100000 597296547 1733 10000 8267 0 0 1733 0 0 0 0 0 0 0 10000 80 0 1000 4 9.638 1.076 ../q3/./log/doc50cop1shlf1lif30_af0s1tTOTAL_gf10000i80d0m1000_seed597296547.log 703854 q3-extractinstructions.txt 20150711_191003 0.5 559f0b987768393544b96570
20150711_190946 50 1 1 30 100000 664375964 1842 10000 8158 0 0 1842 0 0 0 0 0 0 0 10000 80 0 1000 5 9.228 1.326 ../q3/./log/doc50cop1shlf1lif30_af0s1tTOTAL_gf10000i80d0m1000_seed664375964.log 746263 q3-extractinstructions.txt 20150711_191005 0.5 559f0b987768393544b96571
20150711_190949 50 1 1 30 100000 258760793 1672 10000 8328 0 0 1672 0 0 0 0 0 0 0 10000 80 0 1000 2 7.488 1.201 ../q3/./log/doc50cop1shlf1lif30_af0s1tTOTAL_gf10000i80d0m1000_seed258760793.log 677689 q3-extractinstructions.txt 20150711_191006 0.5 559f0b987768393544b96572
20150711_191001 50 1 1 30 100000 666549275 1779 10000 8221 0 0 1779 0 0 0 0 0 0 0 10000 80 0 1000 3 8.820 1.404 ../q3/./log/doc50cop1shlf1lif30_af0s1tTOTAL_gf10000i80d0m1000_seed666549275.log 718679 q3-extractinstructions.txt 20150711_191019 0.5 559f0b987768393544b96573
20150711_191003 50 1 1 30 100000 376517787 1817 10000 8183 0 0 1817 0 0 0 0 0 0 0 10000 80 0 1000 5 8.096 1.279 ../q3/./log/doc50cop1shlf1lif30_af0s1tTOTAL_gf10000i80d0m1000_seed376517787.log 736847 q3-extractinstructions.txt 20150711_191021 0.5 559f0b987768393544b96574
20150711_191005 50 1 1 30 100000 817713633 1851 10000 8149 0 0 1851 0 0 0 0 0 0 0 10000 80 0 1000 6 7.953 1.405 ../q3/./log/doc50cop1shlf1lif30_af0s1tTOTAL_gf10000i80d0m1000_seed817713633.log 761210 q3-extractinstructions.txt 20150711_191023 0.5 559f0b987768393544b96575
20150711_191007 50 1 1 30 100000 519606501 1798 10000 8202 0 0 1798 0 0 0 0 0 0 0 10000 80 0 1000 4 7.975 1.576 ../q3/./log/doc50cop1shlf1lif30_af0s1tTOTAL_gf10000i80d0m1000_seed519606501.log 732037 q3-extractinstructions.txt 20150711_191024 0.5 559f0b987768393544b96576
20150711_191009 50 1 1 30 100000 715258232 1967 10000 8033 0 0 1967 0 0 0 0 0 0 0 10000 80 0 1000 9 9.703 1.31 ../q3/./log/doc50cop1shlf1lif30_af0s1tTOTAL_gf10000i80d0m1000_seed715258232.log 805197 q3-extractinstructions.txt 20150711_191028 0.5 559f0b987768393544b96577
20150711_191012 50 1 1 30 100000 792850679 1751 10000 8249 0 0 1751 0 0 0 0 0 0 0 10000 80 0 1000 3 9.315 1.014 ../q3/./log/doc50cop1shlf1lif30_af0s1tTOTAL_gf10000i80d0m1000_seed792850679.log 710485 q3-extractinstructions.txt 20150711_191030 0.5 559f0b987768393544b96578
20150711_191013 50 1 1 50 100000 919028296 1273 10000 8727 0 0 1273 0 0 0 0 0 0 0 10000 80 0 1000 9 7.902 0.983 ../q3/./log/doc50cop1shlf1lif50_af0s1tTOTAL_gf10000i80d0m1000_seed919028296.log 524967 q3-extractinstructions.txt 20150711_191030 0.5 559f0b987768393544b965e2
20150711_191016 50 1 1 50 100000 103765041 1310 10000 8690 0 0 1310 0 0 0 0 0 0 0 10000 80 0 1000 10 7.695 0.749 ../q3/./log/doc50cop1shlf1lif50_af0s1tTOTAL_gf10000i80d0m1000_seed103765041.log 535271 q3-extractinstructions.txt 20150711_191032 0.5 559f0b987768393544b965e3
20150711_191019 50 1 1 50 100000 141246882 992 10000 9008 0 0 992 0 0 0 0 0 0 0 10000 80 0 1000 1 5.548 0.733 ../q3/./log/doc50cop1shlf1lif50_af0s1tTOTAL_gf10000i80d0m1000_seed141246882.log 401801 q3-extractinstructions.txt 20150711_191033 0.5 559f0b987768393544b965e4
20150711_191032 50 1 1 50 100000 117661523 1018 10000 8982 0 0 1018 0 0 0 0 0 0 0 10000 80 0 1000 2 4.790 0.624 ../q3/./log/doc50cop1shlf1lif50_af0s1tTOTAL_gf10000i80d0m1000_seed117661523.log 412515 q3-extractinstructions.txt 20150711_191045 0.5 559f0b987768393544b965e6
20150711_191031 50 1 1 50 100000 681028781 1347 10000 8653 0 0 1347 0 0 0 0 0 0 0 10000 80 0 1000 12 5.869 0.889 ../q3/./log/doc50cop1shlf1lif50_af0s1tTOTAL_gf10000i80d0m1000_seed681028781.log 552378 q3-extractinstructions.txt 20150711_191046 0.5 559f0b987768393544b965e5
20150711_191034 50 1 1 50 100000 105731136 1236 10000 8764 0 0 1236 0 0 0 0 0 0 0 10000 80 0 1000 10 5.560 0.873 ../q3/./log/doc50cop1shlf1lif50_af0s1tTOTAL_gf10000i80d0m1000_seed105731136.log 505188 q3-extractinstructions.txt 20150711_191048 0.5 559f0b987768393544b965e7
20150711_191037 50 1 1 50 100000 967561224 1087 10000 8913 0 0 1087 0 0 0 0 0 0 0 10000 80 0 1000 5 4.830 0.733 ../q3/./log/doc50cop1shlf1lif50_af0s1tTOTAL_gf10000i80d0m1000_seed967561224.log 444607 q3-extractinstructions.txt 20150711_191049 0.5 559f0b987768393544b965e8
20150711_191039 50 1 1 50 100000 420477893 1168 10000 8832 0 0 1168 0 0 0 0 0 0 0 10000 80 0 1000 6 6.150 0.733 ../q3/./log/doc50cop1shlf1lif50_af0s1tTOTAL_gf10000i80d0m1000_seed420477893.log 477267 q3-extractinstructions.txt 20150711_191053 0.5 559f0b987768393544b965e9
20150711_191041 50 1 1 50 100000 263688301 1265 10000 8735 0 0 1265 0 0 0 0 0 0 0 10000 80 0 1000 11 6.748 0.765 ../q3/./log/doc50cop1shlf1lif50_af0s1tTOTAL_gf10000i80d0m1000_seed263688301.log 515559 q3-extractinstructions.txt 20150711_191055 0.5 559f0b987768393544b965ea
20150711_191043 50 1 1 50 100000 50746969 1200 10000 8800 0 0 1200 0 0 0 0 0 0 0 10000 80 0 1000 7 6.769 0.812 ../q3/./log/doc50cop1shlf1lif50_af0s1tTOTAL_gf10000i80d0m1000_seed50746969.log 492317 q3-extractinstructions.txt 20150711_191057 0.5 559f0b987768393544b965eb
20150711_191046 50 1 1 50 100000 533657980 1223 10000 8777 0 0 1223 0 0 0 0 0 0 0 10000 80 0 1000 7 6.032 0.733 ../q3/./log/doc50cop1shlf1lif50_af0s1tTOTAL_gf10000i80d0m1000_seed533657980.log 495304 q3-extractinstructions.txt 20150711_191059 0.5 559f0b987768393544b965ec
20150711_191047 50 1 1 50 100000 711283608 1123 10000 8877 0 0 1123 0 0 0 0 0 0 0 10000 80 0 1000 6 5.783 0.811 ../q3/./log/doc50cop1shlf1lif50_af0s1tTOTAL_gf10000i80d0m1000_seed711283608.log 462451 q3-extractinstructions.txt 20150711_191100 0.5 559f0b987768393544b965ed
20150711_191049 50 1 1 50 100000 597296547 1106 10000 8894 0 0 1106 0 0 0 0 0 0 0 10000 80 0 1000 4 5.519 0.78 ../q3/./log/doc50cop1shlf1lif50_af0s1tTOTAL_gf10000i80d0m1000_seed597296547.log 448169 q3-extractinstructions.txt 20150711_191102 0.5 559f0b987768393544b965ee
20150711_191052 50 1 1 50 100000 664375964 1208 10000 8792 0 0 1208 0 0 0 0 0 0 0 10000 80 0 1000 6 5.217 0.67 ../q3/./log/doc50cop1shlf1lif50_af0s1tTOTAL_gf10000i80d0m1000_seed664375964.log 486912 q3-extractinstructions.txt 20150711_191105 0.5 559f0b987768393544b965ef
20150711_191104 50 1 1 50 100000 258760793 1081 10000 8919 0 0 1081 0 0 0 0 0 0 0 10000 80 0 1000 4 4.911 0.78 ../q3/./log/doc50cop1shlf1lif50_af0s1tTOTAL_gf10000i80d0m1000_seed258760793.log 444446 q3-extractinstructions.txt 20150711_191116 0.5 559f0b987768393544b965f0
20150711_191106 50 1 1 50 100000 666549275 1256 10000 8744 0 0 1256 0 0 0 0 0 0 0 10000 80 0 1000 7 5.187 0.905 ../q3/./log/doc50cop1shlf1lif50_af0s1tTOTAL_gf10000i80d0m1000_seed666549275.log 508929 q3-extractinstructions.txt 20150711_191120 0.5 559f0b987768393544b965f1
20150711_191107 50 1 1 50 100000 376517787 1072 10000 8928 0 0 1072 0 0 0 0 0 0 0 10000 80 0 1000 5 4.587 0.718 ../q3/./log/doc50cop1shlf1lif50_af0s1tTOTAL_gf10000i80d0m1000_seed376517787.log 437338 q3-extractinstructions.txt 20150711_191120 0.5 559f0b987768393544b965f2
20150711_191110 50 1 1 50 100000 817713633 1088 10000 8912 0 0 1088 0 0 0 0 0 0 0 10000 80 0 1000 4 4.674 0.687 ../q3/./log/doc50cop1shlf1lif50_af0s1tTOTAL_gf10000i80d0m1000_seed817713633.log 446598 q3-extractinstructions.txt 20150711_191122 0.5 559f0b987768393544b965f3
20150711_191112 50 1 1 50 100000 519606501 1136 10000 8864 0 0 1136 0 0 0 0 0 0 0 10000 80 0 1000 4 5.190 0.703 ../q3/./log/doc50cop1shlf1lif50_af0s1tTOTAL_gf10000i80d0m1000_seed519606501.log 460651 q3-extractinstructions.txt 20150711_191126 0.5 559f0b987768393544b965f4
20150711_191114 50 1 1 50 100000 715258232 1219 10000 8781 0 0 1219 0 0 0 0 0 0 0 10000 80 0 1000 8 6.441 0.78 ../q3/./log/doc50cop1shlf1lif50_af0s1tTOTAL_gf10000i80d0m1000_seed715258232.log 498985 q3-extractinstructions.txt 20150711_191129 0.5 559f0b987768393544b965f5
20150711_191119 50 1 1 100 100000 919028296 604 10000 9396 0 0 604 0 0 0 0 0 0 0 10000 80 0 1000 6 3.980 0.561 ../q3/./log/doc50cop1shlf1lif100_af0s1tTOTAL_gf10000i80d0m1000_seed919028296.log 249763 q3-extractinstructions.txt 20150711_191131 0.5 559f0b987768393544b96660
20150711_191116 50 1 1 50 100000 792850679 1108 10000 8892 0 0 1108 0 0 0 0 0 0 0 10000 80 0 1000 4 5.953 0.889 ../q3/./log/doc50cop1shlf1lif50_af0s1tTOTAL_gf10000i80d0m1000_seed792850679.log 450588 q3-extractinstructions.txt 20150711_191131 0.5 559f0b987768393544b965f6
20150711_191121 50 1 1 100 100000 103765041 721 10000 9279 0 0 721 0 0 0 0 0 0 0 10000 80 0 1000 13 4.240 0.734 ../q3/./log/doc50cop1shlf1lif100_af0s1tTOTAL_gf10000i80d0m1000_seed103765041.log 296804 q3-extractinstructions.txt 20150711_191133 0.5 559f0b987768393544b96661
20150711_191123 50 1 1 100 100000 141246882 516 10000 9484 0 0 516 0 0 0 0 0 0 0 10000 80 0 1000 2 3.598 0.437 ../q3/./log/doc50cop1shlf1lif100_af0s1tTOTAL_gf10000i80d0m1000_seed141246882.log 215105 q3-extractinstructions.txt 20150711_191134 0.5 559f0b987768393544b96662
20150711_191125 50 1 1 100 100000 681028781 596 10000 9404 0 0 596 0 0 0 0 0 0 0 10000 80 0 1000 8 4.113 0.438 ../q3/./log/doc50cop1shlf1lif100_af0s1tTOTAL_gf10000i80d0m1000_seed681028781.log 247684 q3-extractinstructions.txt 20150711_191136 0.5 559f0b987768393544b96663
20150711_191128 50 1 1 100 100000 117661523 616 10000 9384 0 0 616 0 0 0 0 0 0 0 10000 80 0 1000 6 4.026 0.515 ../q3/./log/doc50cop1shlf1lif100_af0s1tTOTAL_gf10000i80d0m1000_seed117661523.log 255678 q3-extractinstructions.txt 20150711_191139 0.5 559f0b987768393544b96664
20150711_191130 50 1 1 100 100000 105731136 533 10000 9467 0 0 533 0 0 0 0 0 0 0 10000 80 0 1000 4 3.635 0.374 ../q3/./log/doc50cop1shlf1lif100_af0s1tTOTAL_gf10000i80d0m1000_seed105731136.log 222200 q3-extractinstructions.txt 20150711_191141 0.5 559f0b987768393544b96665
20150711_191132 50 1 1 100 100000 967561224 544 10000 9456 0 0 544 0 0 0 0 0 0 0 10000 80 0 1000 5 3.581 0.452 ../q3/./log/doc50cop1shlf1lif100_af0s1tTOTAL_gf10000i80d0m1000_seed967561224.log 229846 q3-extractinstructions.txt 20150711_191144 0.5 559f0b987768393544b96666
20150711_191134 50 1 1 100 100000 420477893 540 10000 9460 0 0 540 0 0 0 0 0 0 0 10000 80 0 1000 4 3.369 0.53 ../q3/./log/doc50cop1shlf1lif100_af0s1tTOTAL_gf10000i80d0m1000_seed420477893.log 225173 q3-extractinstructions.txt 20150711_191145 0.5 559f0b987768393544b96667
20150711_191136 50 1 1 100 100000 263688301 623 10000 9377 0 0 623 0 0 0 0 0 0 0 10000 80 0 1000 10 4.017 0.406 ../q3/./log/doc50cop1shlf1lif100_af0s1tTOTAL_gf10000i80d0m1000_seed263688301.log 257075 q3-extractinstructions.txt 20150711_191148 0.5 559f0b987768393544b96668
20150711_191138 50 1 1 100 100000 50746969 619 10000 9381 0 0 619 0 0 0 0 0 0 0 10000 80 0 1000 7 3.861 0.515 ../q3/./log/doc50cop1shlf1lif100_af0s1tTOTAL_gf10000i80d0m1000_seed50746969.log 257327 q3-extractinstructions.txt 20150711_191150 0.5 559f0b987768393544b96669
20150711_191141 50 1 1 100 100000 533657980 690 10000 9310 0 0 690 0 0 0 0 0 0 0 10000 80 0 1000 10 3.884 0.406 ../q3/./log/doc50cop1shlf1lif100_af0s1tTOTAL_gf10000i80d0m1000_seed533657980.log 290395 q3-extractinstructions.txt 20150711_191152 0.5 559f0b987768393544b9666a
20150711_191145 50 1 1 100 100000 711283608 592 10000 9408 0 0 592 0 0 0 0 0 0 0 10000 80 0 1000 8 3.783 0.374 ../q3/./log/doc50cop1shlf1lif100_af0s1tTOTAL_gf10000i80d0m1000_seed711283608.log 245310 q3-extractinstructions.txt 20150711_191155 0.5 559f0b987768393544b9666b
20150711_191146 50 1 1 100 100000 597296547 525 10000 9475 0 0 525 0 0 0 0 0 0 0 10000 80 0 1000 4 3.513 0.5 ../q3/./log/doc50cop1shlf1lif100_af0s1tTOTAL_gf10000i80d0m1000_seed597296547.log 220560 q3-extractinstructions.txt 20150711_191156 0.5 559f0b987768393544b9666c
20150711_191147 50 1 1 100 100000 664375964 642 10000 9358 0 0 642 0 0 0 0 0 0 0 10000 80 0 1000 8 4.011 0.484 ../q3/./log/doc50cop1shlf1lif100_af0s1tTOTAL_gf10000i80d0m1000_seed664375964.log 265428 q3-extractinstructions.txt 20150711_191158 0.5 559f0b987768393544b9666d
20150711_191149 50 1 1 100 100000 258760793 547 10000 9453 0 0 547 0 0 0 0 0 0 0 10000 80 0 1000 2 3.696 0.375 ../q3/./log/doc50cop1shlf1lif100_af0s1tTOTAL_gf10000i80d0m1000_seed258760793.log 228763 q3-extractinstructions.txt 20150711_191159 0.5 559f0b987768393544b9666e
20150711_191152 50 1 1 100 100000 666549275 635 10000 9365 0 0 635 0 0 0 0 0 0 0 10000 80 0 1000 7 3.253 0.375 ../q3/./log/doc50cop1shlf1lif100_af0s1tTOTAL_gf10000i80d0m1000_seed666549275.log 261217 q3-extractinstructions.txt 20150711_191202 0.5 559f0b987768393544b9666f
20150711_191153 50 1 1 100 100000 376517787 593 10000 9407 0 0 593 0 0 0 0 0 0 0 10000 80 0 1000 6 3.291 0.515 ../q3/./log/doc50cop1shlf1lif100_af0s1tTOTAL_gf10000i80d0m1000_seed376517787.log 242483 q3-extractinstructions.txt 20150711_191204 0.5 559f0b987768393544b96670
20150711_191155 50 1 1 100 100000 817713633 608 10000 9392 0 0 608 0 0 0 0 0 0 0 10000 80 0 1000 8 3.547 0.484 ../q3/./log/doc50cop1shlf1lif100_af0s1tTOTAL_gf10000i80d0m1000_seed817713633.log 260053 q3-extractinstructions.txt 20150711_191206 0.5 559f0b987768393544b96671
20150711_191157 50 1 1 100 100000 519606501 680 10000 9320 0 0 680 0 0 0 0 0 0 0 10000 80 0 1000 10 3.911 0.375 ../q3/./log/doc50cop1shlf1lif100_af0s1tTOTAL_gf10000i80d0m1000_seed519606501.log 281838 q3-extractinstructions.txt 20150711_191208 0.5 559f0b987768393544b96672
20150711_191159 50 1 1 100 100000 715258232 610 10000 9390 0 0 610 0 0 0 0 0 0 0 10000 80 0 1000 8 3.663 0.469 ../q3/./log/doc50cop1shlf1lif100_af0s1tTOTAL_gf10000i80d0m1000_seed715258232.log 257295 q3-extractinstructions.txt 20150711_191210 0.5 559f0b987768393544b96673
20150711_191204 50 1 1 200 100000 919028296 321 10000 9679 0 0 321 0 0 0 0 0 0 0 10000 80 0 1000 10 2.596 0.296 ../q3/./log/doc50cop1shlf1lif200_af0s1tTOTAL_gf10000i80d0m1000_seed919028296.log 141061 q3-extractinstructions.txt 20150711_191213 0.5 559f0b987768393544b966de
20150711_191203 50 1 1 100 100000 792850679 641 10000 9359 0 0 641 0 0 0 0 0 0 0 10000 80 0 1000 7 4.017 0.359 ../q3/./log/doc50cop1shlf1lif100_af0s1tTOTAL_gf10000i80d0m1000_seed792850679.log 264187 q3-extractinstructions.txt 20150711_191214 0.5 559f0b987768393544b96674
20150711_191206 50 1 1 200 100000 103765041 342 10000 9658 0 0 342 0 0 0 0 0 0 0 10000 80 0 1000 11 2.626 0.234 ../q3/./log/doc50cop1shlf1lif200_af0s1tTOTAL_gf10000i80d0m1000_seed103765041.log 149486 q3-extractinstructions.txt 20150711_191215 0.5 559f0b987768393544b966df
20150711_191208 50 1 1 200 100000 141246882 263 10000 9737 0 0 263 0 0 0 0 0 0 0 10000 80 0 1000 1 2.285 0.218 ../q3/./log/doc50cop1shlf1lif200_af0s1tTOTAL_gf10000i80d0m1000_seed141246882.log 112745 q3-extractinstructions.txt 20150711_191217 0.5 559f0b987768393544b966e0
20150711_191210 50 1 1 200 100000 681028781 329 10000 9671 0 0 329 0 0 0 0 0 0 0 10000 80 0 1000 9 2.249 0.202 ../q3/./log/doc50cop1shlf1lif200_af0s1tTOTAL_gf10000i80d0m1000_seed681028781.log 141881 q3-extractinstructions.txt 20150711_191219 0.5 559f0b987768393544b966e1
20150711_191213 50 1 1 200 100000 117661523 302 10000 9698 0 0 302 0 0 0 0 0 0 0 10000 80 0 1000 8 2.591 0.109 ../q3/./log/doc50cop1shlf1lif200_af0s1tTOTAL_gf10000i80d0m1000_seed117661523.log 132096 q3-extractinstructions.txt 20150711_191222 0.5 559f0b987768393544b966e2
20150711_191215 50 1 1 200 100000 105731136 311 10000 9689 0 0 311 0 0 0 0 0 0 0 10000 80 0 1000 7 2.366 0.172 ../q3/./log/doc50cop1shlf1lif200_af0s1tTOTAL_gf10000i80d0m1000_seed105731136.log 134055 q3-extractinstructions.txt 20150711_191224 0.5 559f0b987768393544b966e3
20150711_191217 50 1 1 200 100000 967561224 289 10000 9711 0 0 289 0 0 0 0 0 0 0 10000 80 0 1000 4 2.407 0.14 ../q3/./log/doc50cop1shlf1lif200_af0s1tTOTAL_gf10000i80d0m1000_seed967561224.log 125319 q3-extractinstructions.txt 20150711_191225 0.5 559f0b987768393544b966e4
20150711_191219 50 1 1 200 100000 420477893 266 10000 9734 0 0 266 0 0 0 0 0 0 0 10000 80 0 1000 4 2.169 0.157 ../q3/./log/doc50cop1shlf1lif200_af0s1tTOTAL_gf10000i80d0m1000_seed420477893.log 117509 q3-extractinstructions.txt 20150711_191227 0.5 559f0b987768393544b966e5
20150711_191221 50 1 1 200 100000 263688301 304 10000 9696 0 0 304 0 0 0 0 0 0 0 10000 80 0 1000 9 2.416 0.218 ../q3/./log/doc50cop1shlf1lif200_af0s1tTOTAL_gf10000i80d0m1000_seed263688301.log 132132 q3-extractinstructions.txt 20150711_191230 0.5 559f0b987768393544b966e6
20150711_191223 50 1 1 200 100000 50746969 277 10000 9723 0 0 277 0 0 0 0 0 0 0 10000 80 0 1000 7 2.396 0.281 ../q3/./log/doc50cop1shlf1lif200_af0s1tTOTAL_gf10000i80d0m1000_seed50746969.log 123219 q3-extractinstructions.txt 20150711_191232 0.5 559f0b987768393544b966e7
20150711_191225 50 1 1 200 100000 533657980 306 10000 9694 0 0 306 0 0 0 0 0 0 0 10000 80 0 1000 5 2.419 0.093 ../q3/./log/doc50cop1shlf1lif200_af0s1tTOTAL_gf10000i80d0m1000_seed533657980.log 133022 q3-extractinstructions.txt 20150711_191234 0.5 559f0b987768393544b966e8
20150711_191227 50 1 1 200 100000 711283608 336 10000 9664 0 0 336 0 0 0 0 0 0 0 10000 80 0 1000 12 2.363 0.281 ../q3/./log/doc50cop1shlf1lif200_af0s1tTOTAL_gf10000i80d0m1000_seed711283608.log 143140 q3-extractinstructions.txt 20150711_191236 0.5 559f0b987768393544b966e9
20150711_191229 50 1 1 200 100000 597296547 283 10000 9717 0 0 283 0 0 0 0 0 0 0 10000 80 0 1000 4 2.345 0.14 ../q3/./log/doc50cop1shlf1lif200_af0s1tTOTAL_gf10000i80d0m1000_seed597296547.log 123405 q3-extractinstructions.txt 20150711_191238 0.5 559f0b987768393544b966ea
20150711_191232 50 1 1 200 100000 664375964 300 10000 9700 0 0 300 0 0 0 0 0 0 0 10000 80 0 1000 7 2.270 0.25 ../q3/./log/doc50cop1shlf1lif200_af0s1tTOTAL_gf10000i80d0m1000_seed664375964.log 131263 q3-extractinstructions.txt 20150711_191240 0.5 559f0b987768393544b966eb
20150711_191234 50 1 1 200 100000 258760793 302 10000 9698 0 0 302 0 0 0 0 0 0 0 10000 80 0 1000 6 2.384 0.156 ../q3/./log/doc50cop1shlf1lif200_af0s1tTOTAL_gf10000i80d0m1000_seed258760793.log 130994 q3-extractinstructions.txt 20150711_191243 0.5 559f0b987768393544b966ec
20150711_191236 50 1 1 200 100000 666549275 318 10000 9682 0 0 318 0 0 0 0 0 0 0 10000 80 0 1000 11 2.999 0.156 ../q3/./log/doc50cop1shlf1lif200_af0s1tTOTAL_gf10000i80d0m1000_seed666549275.log 143325 q3-extractinstructions.txt 20150711_191246 0.5 559f0b987768393544b966ed
20150711_191238 50 1 1 200 100000 376517787 301 10000 9699 0 0 301 0 0 0 0 0 0 0 10000 80 0 1000 8 2.985 0.141 ../q3/./log/doc50cop1shlf1lif200_af0s1tTOTAL_gf10000i80d0m1000_seed376517787.log 128969 q3-extractinstructions.txt 20150711_191249 0.5 559f0b987768393544b966ee
20150711_191241 50 1 1 200 100000 817713633 288 10000 9712 0 0 288 0 0 0 0 0 0 0 10000 80 0 1000 9 2.903 0.171 ../q3/./log/doc50cop1shlf1lif200_af0s1tTOTAL_gf10000i80d0m1000_seed817713633.log 128983 q3-extractinstructions.txt 20150711_191251 0.5 559f0b987768393544b966ef
20150711_191244 50 1 1 200 100000 519606501 352 10000 9648 0 0 352 0 0 0 0 0 0 0 10000 80 0 1000 9 3.549 0.188 ../q3/./log/doc50cop1shlf1lif200_af0s1tTOTAL_gf10000i80d0m1000_seed519606501.log 148190 q3-extractinstructions.txt 20150711_191254 0.5 559f0b987768393544b966f0
20150711_191246 50 1 1 200 100000 715258232 330 10000 9670 0 0 330 0 0 0 0 0 0 0 10000 80 0 1000 11 3.316 0.218 ../q3/./log/doc50cop1shlf1lif200_af0s1tTOTAL_gf10000i80d0m1000_seed715258232.log 144436 q3-extractinstructions.txt 20150711_191256 0.5 559f0b987768393544b966f1
20150711_191249 50 1 1 200 100000 792850679 313 10000 9687 0 0 313 0 0 0 0 0 0 0 10000 80 0 1000 4 3.111 0.249 ../q3/./log/doc50cop1shlf1lif200_af0s1tTOTAL_gf10000i80d0m1000_seed792850679.log 133396 q3-extractinstructions.txt 20150711_191258 0.5 559f0b987768393544b966f2
20150711_191251 50 1 1 300 100000 919028296 220 10000 9780 0 0 220 0 0 0 0 0 0 0 10000 80 0 1000 9 2.398 0.14 ../q3/./log/doc50cop1shlf1lif300_af0s1tTOTAL_gf10000i80d0m1000_seed919028296.log 99133 q3-extractinstructions.txt 20150711_191259 0.5 559f0b997768393544b9675c
20150711_191252 50 1 1 300 100000 103765041 207 10000 9793 0 0 207 0 0 0 0 0 0 0 10000 80 0 1000 8 2.236 0.203 ../q3/./log/doc50cop1shlf1lif300_af0s1tTOTAL_gf10000i80d0m1000_seed103765041.log 95971 q3-extractinstructions.txt 20150711_191300 0.5 559f0b997768393544b9675d
20150711_191253 50 1 1 300 100000 141246882 170 10000 9830 0 0 170 0 0 0 0 0 0 0 10000 80 0 1000 1 2.002 0.094 ../q3/./log/doc50cop1shlf1lif300_af0s1tTOTAL_gf10000i80d0m1000_seed141246882.log 77336 q3-extractinstructions.txt 20150711_191301 0.5 559f0b997768393544b9675e
20150711_191255 50 1 1 300 100000 681028781 223 10000 9777 0 0 223 0 0 0 0 0 0 0 10000 80 0 1000 10 2.004 0.094 ../q3/./log/doc50cop1shlf1lif300_af0s1tTOTAL_gf10000i80d0m1000_seed681028781.log 101636 q3-extractinstructions.txt 20150711_191303 0.5 559f0b997768393544b9675f
20150711_191257 50 1 1 300 100000 117661523 183 10000 9817 0 0 183 0 0 0 0 0 0 0 10000 80 0 1000 5 1.926 0.125 ../q3/./log/doc50cop1shlf1lif300_af0s1tTOTAL_gf10000i80d0m1000_seed117661523.log 84592 q3-extractinstructions.txt 20150711_191306 0.5 559f0b997768393544b96760
20150711_191259 50 1 1 300 100000 105731136 202 10000 9798 0 0 202 0 0 0 0 0 0 0 10000 80 0 1000 6 2.067 0.141 ../q3/./log/doc50cop1shlf1lif300_af0s1tTOTAL_gf10000i80d0m1000_seed105731136.log 90850 q3-extractinstructions.txt 20150711_191308 0.5 559f0b997768393544b96761
20150711_191302 50 1 1 300 100000 967561224 197 10000 9803 0 0 197 0 0 0 0 0 0 0 10000 80 0 1000 2 1.942 0.078 ../q3/./log/doc50cop1shlf1lif300_af0s1tTOTAL_gf10000i80d0m1000_seed967561224.log 86196 q3-extractinstructions.txt 20150711_191310 0.5 559f0b997768393544b96762
20150711_191304 50 1 1 300 100000 420477893 184 10000 9816 0 0 184 0 0 0 0 0 0 0 10000 80 0 1000 4 1.945 0.109 ../q3/./log/doc50cop1shlf1lif300_af0s1tTOTAL_gf10000i80d0m1000_seed420477893.log 83812 q3-extractinstructions.txt 20150711_191312 0.5 559f0b997768393544b96763
20150711_191306 50 1 1 300 100000 263688301 199 10000 9801 0 0 199 0 0 0 0 0 0 0 10000 80 0 1000 8 1.952 0.141 ../q3/./log/doc50cop1shlf1lif300_af0s1tTOTAL_gf10000i80d0m1000_seed263688301.log 89280 q3-extractinstructions.txt 20150711_191314 0.5 559f0b997768393544b96764
20150711_191308 50 1 1 300 100000 50746969 183 10000 9817 0 0 183 0 0 0 0 0 0 0 10000 80 0 1000 8 1.962 0.109 ../q3/./log/doc50cop1shlf1lif300_af0s1tTOTAL_gf10000i80d0m1000_seed50746969.log 86649 q3-extractinstructions.txt 20150711_191316 0.5 559f0b997768393544b96765
20150711_191310 50 1 1 300 100000 533657980 223 10000 9777 0 0 223 0 0 0 0 0 0 0 10000 80 0 1000 11 2.054 0.109 ../q3/./log/doc50cop1shlf1lif300_af0s1tTOTAL_gf10000i80d0m1000_seed533657980.log 102549 q3-extractinstructions.txt 20150711_191318 0.5 559f0b997768393544b96766
20150711_191312 50 1 1 300 100000 711283608 188 10000 9812 0 0 188 0 0 0 0 0 0 0 10000 80 0 1000 5 1.865 0.094 ../q3/./log/doc50cop1shlf1lif300_af0s1tTOTAL_gf10000i80d0m1000_seed711283608.log 85718 q3-extractinstructions.txt 20150711_191320 0.5 559f0b997768393544b96767
20150711_191315 50 1 1 300 100000 597296547 171 10000 9829 0 0 171 0 0 0 0 0 0 0 10000 80 0 1000 2 1.881 0.062 ../q3/./log/doc50cop1shlf1lif300_af0s1tTOTAL_gf10000i80d0m1000_seed597296547.log 79456 q3-extractinstructions.txt 20150711_191323 0.5 559f0b997768393544b96768
20150711_191317 50 1 1 300 100000 664375964 199 10000 9801 0 0 199 0 0 0 0 0 0 0 10000 80 0 1000 6 1.950 0.188 ../q3/./log/doc50cop1shlf1lif300_af0s1tTOTAL_gf10000i80d0m1000_seed664375964.log 89048 q3-extractinstructions.txt 20150711_191325 0.5 559f0b997768393544b96769
20150711_191319 50 1 1 300 100000 258760793 204 10000 9796 0 0 204 0 0 0 0 0 0 0 10000 80 0 1000 9 1.979 0.187 ../q3/./log/doc50cop1shlf1lif300_af0s1tTOTAL_gf10000i80d0m1000_seed258760793.log 95085 q3-extractinstructions.txt 20150711_191327 0.5 559f0b997768393544b9676a
20150711_191321 50 1 1 300 100000 666549275 207 10000 9793 0 0 207 0 0 0 0 0 0 0 10000 80 0 1000 9 2.096 0.062 ../q3/./log/doc50cop1shlf1lif300_af0s1tTOTAL_gf10000i80d0m1000_seed666549275.log 94332 q3-extractinstructions.txt 20150711_191329 0.5 559f0b997768393544b9676b
20150711_191323 50 1 1 300 100000 376517787 161 10000 9839 0 0 161 0 0 0 0 0 0 0 10000 80 0 1000 3 1.885 0.078 ../q3/./log/doc50cop1shlf1lif300_af0s1tTOTAL_gf10000i80d0m1000_seed376517787.log 73597 q3-extractinstructions.txt 20150711_191331 0.5 559f0b997768393544b9676c
20150711_191326 50 1 1 300 100000 817713633 171 10000 9829 0 0 171 0 0 0 0 0 0 0 10000 80 0 1000 8 1.980 0.109 ../q3/./log/doc50cop1shlf1lif300_af0s1tTOTAL_gf10000i80d0m1000_seed817713633.log 82552 q3-extractinstructions.txt 20150711_191334 0.5 559f0b997768393544b9676d
20150711_191327 50 1 1 300 100000 519606501 216 10000 9784 0 0 216 0 0 0 0 0 0 0 10000 80 0 1000 11 2.005 0.203 ../q3/./log/doc50cop1shlf1lif300_af0s1tTOTAL_gf10000i80d0m1000_seed519606501.log 98615 q3-extractinstructions.txt 20150711_191336 0.5 559f0b997768393544b9676e
20150711_191329 50 1 1 300 100000 715258232 186 10000 9814 0 0 186 0 0 0 0 0 0 0 10000 80 0 1000 12 1.927 0.172 ../q3/./log/doc50cop1shlf1lif300_af0s1tTOTAL_gf10000i80d0m1000_seed715258232.log 88237 q3-extractinstructions.txt 20150711_191337 0.5 559f0b997768393544b9676f
20150711_191332 50 1 1 300 100000 792850679 194 10000 9806 0 0 194 0 0 0 0 0 0 0 10000 80 0 1000 5 1.901 0.094 ../q3/./log/doc50cop1shlf1lif300_af0s1tTOTAL_gf10000i80d0m1000_seed792850679.log 84990 q3-extractinstructions.txt 20150711_191340 0.5 559f0b997768393544b96770
20150711_191334 50 1 1 500 100000 919028296 140 10000 9860 0 0 140 0 0 0 0 0 0 0 10000 80 0 1000 12 1.770 0.109 ../q3/./log/doc50cop1shlf1lif500_af0s1tTOTAL_gf10000i80d0m1000_seed919028296.log 67074 q3-extractinstructions.txt 20150711_191342 0.5 559f0b997768393544b967da
20150711_191336 50 1 1 500 100000 103765041 128 10000 9872 0 0 128 0 0 0 0 0 0 0 10000 80 0 1000 8 1.751 0.063 ../q3/./log/doc50cop1shlf1lif500_af0s1tTOTAL_gf10000i80d0m1000_seed103765041.log 61730 q3-extractinstructions.txt 20150711_191344 0.5 559f0b997768393544b967db
20150711_191338 50 1 1 500 100000 141246882 107 10000 9893 0 0 107 0 0 0 0 0 0 0 10000 80 0 1000 1 1.697 0.032 ../q3/./log/doc50cop1shlf1lif500_af0s1tTOTAL_gf10000i80d0m1000_seed141246882.log 51664 q3-extractinstructions.txt 20150711_191346 0.5 559f0b997768393544b967dc
20150711_191340 50 1 1 500 100000 681028781 123 10000 9877 0 0 123 0 0 0 0 0 0 0 10000 80 0 1000 8 1.797 0.094 ../q3/./log/doc50cop1shlf1lif500_af0s1tTOTAL_gf10000i80d0m1000_seed681028781.log 60927 q3-extractinstructions.txt 20150711_191348 0.5 559f0b997768393544b967dd
20150711_191342 50 1 1 500 100000 117661523 129 10000 9871 0 0 129 0 0 0 0 0 0 0 10000 80 0 1000 7 1.807 0.063 ../q3/./log/doc50cop1shlf1lif500_af0s1tTOTAL_gf10000i80d0m1000_seed117661523.log 61799 q3-extractinstructions.txt 20150711_191350 0.5 559f0b997768393544b967de
20150711_191344 50 1 1 500 100000 105731136 124 10000 9876 0 0 124 0 0 0 0 0 0 0 10000 80 0 1000 5 1.842 0.109 ../q3/./log/doc50cop1shlf1lif500_af0s1tTOTAL_gf10000i80d0m1000_seed105731136.log 58530 q3-extractinstructions.txt 20150711_191352 0.5 559f0b997768393544b967df
20150711_191346 50 1 1 500 100000 967561224 129 10000 9871 0 0 129 0 0 0 0 0 0 0 10000 80 0 1000 8 1.770 0.094 ../q3/./log/doc50cop1shlf1lif500_af0s1tTOTAL_gf10000i80d0m1000_seed967561224.log 63286 q3-extractinstructions.txt 20150711_191354 0.5 559f0b997768393544b967e0
20150711_191349 50 1 1 500 100000 420477893 126 10000 9874 0 0 126 0 0 0 0 0 0 0 10000 80 0 1000 6 1.771 0.093 ../q3/./log/doc50cop1shlf1lif500_af0s1tTOTAL_gf10000i80d0m1000_seed420477893.log 59507 q3-extractinstructions.txt 20150711_191356 0.5 559f0b997768393544b967e1
20150711_191351 50 1 1 500 100000 263688301 112 10000 9888 0 0 112 0 0 0 0 0 0 0 10000 80 0 1000 6 1.682 0.078 ../q3/./log/doc50cop1shlf1lif500_af0s1tTOTAL_gf10000i80d0m1000_seed263688301.log 55166 q3-extractinstructions.txt 20150711_191358 0.5 559f0b997768393544b967e2
20150711_191353 50 1 1 500 100000 50746969 117 10000 9883 0 0 117 0 0 0 0 0 0 0 10000 80 0 1000 6 1.668 0.11 ../q3/./log/doc50cop1shlf1lif500_af0s1tTOTAL_gf10000i80d0m1000_seed50746969.log 58201 q3-extractinstructions.txt 20150711_191400 0.5 559f0b997768393544b967e3
20150711_191355 50 1 1 500 100000 533657980 137 10000 9863 0 0 137 0 0 0 0 0 0 0 10000 80 0 1000 13 1.789 0.093 ../q3/./log/doc50cop1shlf1lif500_af0s1tTOTAL_gf10000i80d0m1000_seed533657980.log 69094 q3-extractinstructions.txt 20150711_191403 0.5 559f0b997768393544b967e4
20150711_191357 50 1 1 500 100000 711283608 100 10000 9900 0 0 100 0 0 0 0 0 0 0 10000 80 0 1000 4 1.596 0.094 ../q3/./log/doc50cop1shlf1lif500_af0s1tTOTAL_gf10000i80d0m1000_seed711283608.log 49375 q3-extractinstructions.txt 20150711_191405 0.5 559f0b997768393544b967e5
20150711_191359 50 1 1 500 100000 597296547 111 10000 9889 0 0 111 0 0 0 0 0 0 0 10000 80 0 1000 3 1.766 0.063 ../q3/./log/doc50cop1shlf1lif500_af0s1tTOTAL_gf10000i80d0m1000_seed597296547.log 56101 q3-extractinstructions.txt 20150711_191407 0.5 559f0b997768393544b967e6
20150711_191401 50 1 1 500 100000 664375964 117 10000 9883 0 0 117 0 0 0 0 0 0 0 10000 80 0 1000 7 1.770 0.062 ../q3/./log/doc50cop1shlf1lif500_af0s1tTOTAL_gf10000i80d0m1000_seed664375964.log 58589 q3-extractinstructions.txt 20150711_191409 0.5 559f0b997768393544b967e7
20150711_191403 50 1 1 500 100000 258760793 98 10000 9902 0 0 98 0 0 0 0 0 0 0 10000 80 0 1000 1 1.653 0.047 ../q3/./log/doc50cop1shlf1lif500_af0s1tTOTAL_gf10000i80d0m1000_seed258760793.log 47383 q3-extractinstructions.txt 20150711_191411 0.5 559f0b997768393544b967e8
20150711_191405 50 1 1 500 100000 666549275 113 10000 9887 0 0 113 0 0 0 0 0 0 0 10000 80 0 1000 5 1.706 0.047 ../q3/./log/doc50cop1shlf1lif500_af0s1tTOTAL_gf10000i80d0m1000_seed666549275.log 56089 q3-extractinstructions.txt 20150711_191413 0.5 559f0b997768393544b967e9
20150711_191408 50 1 1 500 100000 376517787 98 10000 9902 0 0 98 0 0 0 0 0 0 0 10000 80 0 1000 5 1.664 0.046 ../q3/./log/doc50cop1shlf1lif500_af0s1tTOTAL_gf10000i80d0m1000_seed376517787.log 50602 q3-extractinstructions.txt 20150711_191415 0.5 559f0b997768393544b967ea
20150711_191410 50 1 1 500 100000 817713633 105 10000 9895 0 0 105 0 0 0 0 0 0 0 10000 80 0 1000 8 1.679 0.094 ../q3/./log/doc50cop1shlf1lif500_af0s1tTOTAL_gf10000i80d0m1000_seed817713633.log 55923 q3-extractinstructions.txt 20150711_191417 0.5 559f0b997768393544b967eb
20150711_191412 50 1 1 500 100000 519606501 138 10000 9862 0 0 138 0 0 0 0 0 0 0 10000 80 0 1000 9 1.768 0.109 ../q3/./log/doc50cop1shlf1lif500_af0s1tTOTAL_gf10000i80d0m1000_seed519606501.log 65250 q3-extractinstructions.txt 20150711_191419 0.5 559f0b997768393544b967ec
20150711_191414 50 1 1 500 100000 715258232 105 10000 9895 0 0 105 0 0 0 0 0 0 0 10000 80 0 1000 6 1.616 0.078 ../q3/./log/doc50cop1shlf1lif500_af0s1tTOTAL_gf10000i80d0m1000_seed715258232.log 53869 q3-extractinstructions.txt 20150711_191422 0.5 559f0b997768393544b967ed
20150711_191416 50 1 1 500 100000 792850679 102 10000 9898 0 0 102 0 0 0 0 0 0 0 10000 80 0 1000 1 1.636 0.079 ../q3/./log/doc50cop1shlf1lif500_af0s1tTOTAL_gf10000i80d0m1000_seed792850679.log 48275 q3-extractinstructions.txt 20150711_191424 0.5 559f0b997768393544b967ee
20150711_191418 50 1 1 1000 100000 919028296 71 10000 9929 0 0 71 0 0 0 0 0 0 0 10000 80 0 1000 12 1.553 0.078 ../q3/./log/doc50cop1shlf1lif1000_af0s1tTOTAL_gf10000i80d0m1000_seed919028296.log 39549 q3-extractinstructions.txt 20150711_191426 0.5 559f0b997768393544b96858
20150711_191420 50 1 1 1000 100000 103765041 67 10000 9933 0 0 67 0 0 0 0 0 0 0 10000 80 0 1000 6 1.553 0.031 ../q3/./log/doc50cop1shlf1lif1000_af0s1tTOTAL_gf10000i80d0m1000_seed103765041.log 38001 q3-extractinstructions.txt 20150711_191428 0.5 559f0b997768393544b96859
20150711_191423 50 1 1 1000 100000 141246882 56 10000 9944 0 0 56 0 0 0 0 0 0 0 10000 80 0 1000 1 1.504 0.078 ../q3/./log/doc50cop1shlf1lif1000_af0s1tTOTAL_gf10000i80d0m1000_seed141246882.log 31496 q3-extractinstructions.txt 20150711_191430 0.5 559f0b997768393544b9685a
20150711_191425 50 1 1 1000 100000 681028781 57 10000 9943 0 0 57 0 0 0 0 0 0 0 10000 80 0 1000 8 1.744 0.016 ../q3/./log/doc50cop1shlf1lif1000_af0s1tTOTAL_gf10000i80d0m1000_seed681028781.log 34087 q3-extractinstructions.txt 20150711_191432 0.5 559f0b997768393544b9685b
20150711_191428 50 1 1 1000 100000 117661523 63 10000 9937 0 0 63 0 0 0 0 0 0 0 10000 80 0 1000 5 1.555 0.031 ../q3/./log/doc50cop1shlf1lif1000_af0s1tTOTAL_gf10000i80d0m1000_seed117661523.log 34892 q3-extractinstructions.txt 20150711_191435 0.5 559f0b997768393544b9685c
20150711_191429 50 1 1 1000 100000 105731136 67 10000 9933 0 0 67 0 0 0 0 0 0 0 10000 80 0 1000 6 1.622 0.047 ../q3/./log/doc50cop1shlf1lif1000_af0s1tTOTAL_gf10000i80d0m1000_seed105731136.log 37265 q3-extractinstructions.txt 20150711_191436 0.5 559f0b997768393544b9685d
20150711_191431 50 1 1 1000 100000 967561224 50 10000 9950 0 0 50 0 0 0 0 0 0 0 10000 80 0 1000 5 1.482 0.063 ../q3/./log/doc50cop1shlf1lif1000_af0s1tTOTAL_gf10000i80d0m1000_seed967561224.log 32236 q3-extractinstructions.txt 20150711_191438 0.5 559f0b997768393544b9685e
20150711_191433 50 1 1 1000 100000 420477893 62 10000 9938 0 0 62 0 0 0 0 0 0 0 10000 80 0 1000 4 1.470 0.047 ../q3/./log/doc50cop1shlf1lif1000_af0s1tTOTAL_gf10000i80d0m1000_seed420477893.log 35334 q3-extractinstructions.txt 20150711_191440 0.5 559f0b997768393544b9685f
20150711_191435 50 1 1 1000 100000 263688301 55 10000 9945 0 0 55 0 0 0 0 0 0 0 10000 80 0 1000 6 1.463 0.062 ../q3/./log/doc50cop1shlf1lif1000_af0s1tTOTAL_gf10000i80d0m1000_seed263688301.log 33353 q3-extractinstructions.txt 20150711_191442 0.5 559f0b997768393544b96860
20150711_191437 50 1 1 1000 100000 50746969 58 10000 9942 0 0 58 0 0 0 0 0 0 0 10000 80 0 1000 6 1.465 0.031 ../q3/./log/doc50cop1shlf1lif1000_af0s1tTOTAL_gf10000i80d0m1000_seed50746969.log 34211 q3-extractinstructions.txt 20150711_191445 0.5 559f0b997768393544b96861
20150711_191439 50 1 1 1000 100000 533657980 62 10000 9938 0 0 62 0 0 0 0 0 0 0 10000 80 0 1000 4 1.493 0.031 ../q3/./log/doc50cop1shlf1lif1000_af0s1tTOTAL_gf10000i80d0m1000_seed533657980.log 35492 q3-extractinstructions.txt 20150711_191447 0.5 559f0b997768393544b96862
20150711_191442 50 1 1 1000 100000 711283608 50 10000 9950 0 0 50 0 0 0 0 0 0 0 10000 80 0 1000 5 1.455 0.031 ../q3/./log/doc50cop1shlf1lif1000_af0s1tTOTAL_gf10000i80d0m1000_seed711283608.log 31399 q3-extractinstructions.txt 20150711_191449 0.5 559f0b997768393544b96863
20150711_191444 50 1 1 1000 100000 597296547 65 10000 9935 0 0 65 0 0 0 0 0 0 0 10000 80 0 1000 9 1.532 0.047 ../q3/./log/doc50cop1shlf1lif1000_af0s1tTOTAL_gf10000i80d0m1000_seed597296547.log 39079 q3-extractinstructions.txt 20150711_191451 0.5 559f0b997768393544b96864
20150711_191446 50 1 1 1000 100000 664375964 61 10000 9939 0 0 61 0 0 0 0 0 0 0 10000 80 0 1000 5 1.514 0.031 ../q3/./log/doc50cop1shlf1lif1000_af0s1tTOTAL_gf10000i80d0m1000_seed664375964.log 34838 q3-extractinstructions.txt 20150711_191453 0.5 559f0b997768393544b96865
20150711_191448 50 1 1 1000 100000 258760793 41 10000 9959 0 0 41 0 0 0 0 0 0 0 10000 80 0 1000 2 1.451 0.031 ../q3/./log/doc50cop1shlf1lif1000_af0s1tTOTAL_gf10000i80d0m1000_seed258760793.log 26653 q3-extractinstructions.txt 20150711_191456 0.5 559f0b997768393544b96866
20150711_191450 50 1 1 1000 100000 666549275 68 10000 9932 0 0 68 0 0 0 0 0 0 0 10000 80 0 1000 6 1.511 0.078 ../q3/./log/doc50cop1shlf1lif1000_af0s1tTOTAL_gf10000i80d0m1000_seed666549275.log 38777 q3-extractinstructions.txt 20150711_191457 0.5 559f0b997768393544b96867
20150711_191452 50 1 1 1000 100000 376517787 54 10000 9946 0 0 54 0 0 0 0 0 0 0 10000 80 0 1000 7 1.508 0.047 ../q3/./log/doc50cop1shlf1lif1000_af0s1tTOTAL_gf10000i80d0m1000_seed376517787.log 33374 q3-extractinstructions.txt 20150711_191459 0.5 559f0b997768393544b96868
20150711_191454 50 1 1 1000 100000 817713633 48 10000 9952 0 0 48 0 0 0 0 0 0 0 10000 80 0 1000 6 1.491 0.046 ../q3/./log/doc50cop1shlf1lif1000_af0s1tTOTAL_gf10000i80d0m1000_seed817713633.log 31182 q3-extractinstructions.txt 20150711_191501 0.5 559f0b997768393544b96869
20150711_191457 50 1 1 1000 100000 519606501 62 10000 9938 0 0 62 0 0 0 0 0 0 0 10000 80 0 1000 9 1.516 0.047 ../q3/./log/doc50cop1shlf1lif1000_af0s1tTOTAL_gf10000i80d0m1000_seed519606501.log 38028 q3-extractinstructions.txt 20150711_191504 0.5 559f0b997768393544b9686a
20150711_191459 50 1 1 1000 100000 715258232 46 10000 9954 0 0 46 0 0 0 0 0 0 0 10000 80 0 1000 14 1.508 0.047 ../q3/./log/doc50cop1shlf1lif1000_af0s1tTOTAL_gf10000i80d0m1000_seed715258232.log 33147 q3-extractinstructions.txt 20150711_191506 0.5 559f0b997768393544b9686b
20150711_191501 50 1 1 1000 100000 792850679 51 10000 9949 0 0 51 0 0 0 0 0 0 0 10000 80 0 1000 6 1.469 0.03 ../q3/./log/doc50cop1shlf1lif1000_af0s1tTOTAL_gf10000i80d0m1000_seed792850679.log 31548 q3-extractinstructions.txt 20150711_191508 0.5 559f0b997768393544b9686c
20150711_191503 50 1 1 2000 100000 919028296 36 10000 9964 0 0 36 0 0 0 0 0 0 0 10000 80 0 1000 12 1.465 0.047 ../q3/./log/doc50cop1shlf1lif2000_af0s1tTOTAL_gf10000i80d0m1000_seed919028296.log 27935 q3-extractinstructions.txt 20150711_191510 0.5 559f0b997768393544b968d6
20150711_191505 50 1 1 2000 100000 103765041 37 10000 9963 0 0 37 0 0 0 0 0 0 0 10000 80 0 1000 10 1.440 0.032 ../q3/./log/doc50cop1shlf1lif2000_af0s1tTOTAL_gf10000i80d0m1000_seed103765041.log 27860 q3-extractinstructions.txt 20150711_191512 0.5 559f0b997768393544b968d7
20150711_191507 50 1 1 2000 100000 141246882 19 10000 9981 0 0 19 0 0 0 0 0 0 0 10000 80 0 1000 1 1.385 0.016 ../q3/./log/doc50cop1shlf1lif2000_af0s1tTOTAL_gf10000i80d0m1000_seed141246882.log 17461 q3-extractinstructions.txt 20150711_191514 0.5 559f0b997768393544b968d8
20150711_191509 50 1 1 2000 100000 681028781 35 10000 9965 0 0 35 0 0 0 0 0 0 0 10000 80 0 1000 10 1.457 0.0 ../q3/./log/doc50cop1shlf1lif2000_af0s1tTOTAL_gf10000i80d0m1000_seed681028781.log 26107 q3-extractinstructions.txt 20150711_191517 0.5 559f0b997768393544b968d9
20150711_191511 50 1 1 2000 100000 117661523 28 10000 9972 0 0 28 0 0 0 0 0 0 0 10000 80 0 1000 6 1.381 0.031 ../q3/./log/doc50cop1shlf1lif2000_af0s1tTOTAL_gf10000i80d0m1000_seed117661523.log 21775 q3-extractinstructions.txt 20150711_191518 0.5 559f0b997768393544b968da
20150711_191513 50 1 1 2000 100000 105731136 38 10000 9962 0 0 38 0 0 0 0 0 0 0 10000 80 0 1000 4 1.427 0.016 ../q3/./log/doc50cop1shlf1lif2000_af0s1tTOTAL_gf10000i80d0m1000_seed105731136.log 24763 q3-extractinstructions.txt 20150711_191521 0.5 559f0b997768393544b968db
20150711_191515 50 1 1 2000 100000 967561224 26 10000 9974 0 0 26 0 0 0 0 0 0 0 10000 80 0 1000 3 1.411 0.047 ../q3/./log/doc50cop1shlf1lif2000_af0s1tTOTAL_gf10000i80d0m1000_seed967561224.log 19780 q3-extractinstructions.txt 20150711_191523 0.5 559f0b997768393544b968dc
20150711_191518 50 1 1 2000 100000 420477893 27 10000 9973 0 0 27 0 0 0 0 0 0 0 10000 80 0 1000 3 1.381 0.0 ../q3/./log/doc50cop1shlf1lif2000_af0s1tTOTAL_gf10000i80d0m1000_seed420477893.log 20519 q3-extractinstructions.txt 20150711_191524 0.5 559f0b997768393544b968dd
20150711_191520 50 1 1 2000 100000 263688301 27 10000 9973 0 0 27 0 0 0 0 0 0 0 10000 80 0 1000 6 1.444 0.015 ../q3/./log/doc50cop1shlf1lif2000_af0s1tTOTAL_gf10000i80d0m1000_seed263688301.log 22735 q3-extractinstructions.txt 20150711_191527 0.5 559f0b997768393544b968de
20150711_191522 50 1 1 2000 100000 50746969 24 10000 9976 0 0 24 0 0 0 0 0 0 0 10000 80 0 1000 11 1.426 0.032 ../q3/./log/doc50cop1shlf1lif2000_af0s1tTOTAL_gf10000i80d0m1000_seed50746969.log 23909 q3-extractinstructions.txt 20150711_191529 0.5 559f0b997768393544b968df
20150711_191524 50 1 1 2000 100000 533657980 26 10000 9974 0 0 26 0 0 0 0 0 0 0 10000 80 0 1000 8 1.356 0.0 ../q3/./log/doc50cop1shlf1lif2000_af0s1tTOTAL_gf10000i80d0m1000_seed533657980.log 22241 q3-extractinstructions.txt 20150711_191531 0.5 559f0b997768393544b968e0
20150711_191526 50 1 1 2000 100000 711283608 28 10000 9972 0 0 28 0 0 0 0 0 0 0 10000 80 0 1000 5 1.387 0.016 ../q3/./log/doc50cop1shlf1lif2000_af0s1tTOTAL_gf10000i80d0m1000_seed711283608.log 21705 q3-extractinstructions.txt 20150711_191533 0.5 559f0b997768393544b968e1
20150711_191528 50 1 1 2000 100000 597296547 33 10000 9967 0 0 33 0 0 0 0 0 0 0 10000 80 0 1000 1 1.414 0.015 ../q3/./log/doc50cop1shlf1lif2000_af0s1tTOTAL_gf10000i80d0m1000_seed597296547.log 23145 q3-extractinstructions.txt 20150711_191535 0.5 559f0b997768393544b968e2
20150711_191531 50 1 1 2000 100000 664375964 23 10000 9977 0 0 23 0 0 0 0 0 0 0 10000 80 0 1000 9 1.371 0.016 ../q3/./log/doc50cop1shlf1lif2000_af0s1tTOTAL_gf10000i80d0m1000_seed664375964.log 21725 q3-extractinstructions.txt 20150711_191538 0.5 559f0b997768393544b968e3
20150711_191533 50 1 1 2000 100000 258760793 24 10000 9976 0 0 24 0 0 0 0 0 0 0 10000 80 0 1000 2 1.377 0.016 ../q3/./log/doc50cop1shlf1lif2000_af0s1tTOTAL_gf10000i80d0m1000_seed258760793.log 20841 q3-extractinstructions.txt 20150711_191540 0.5 559f0b997768393544b968e4
20150711_191534 50 1 1 2000 100000 666549275 36 10000 9964 0 0 36 0 0 0 0 0 0 0 10000 80 0 1000 12 1.454 0.031 ../q3/./log/doc50cop1shlf1lif2000_af0s1tTOTAL_gf10000i80d0m1000_seed666549275.log 27828 q3-extractinstructions.txt 20150711_191542 0.5 559f0b997768393544b968e5
20150711_191537 50 1 1 2000 100000 376517787 33 10000 9967 0 0 33 0 0 0 0 0 0 0 10000 80 0 1000 5 1.398 0.0 ../q3/./log/doc50cop1shlf1lif2000_af0s1tTOTAL_gf10000i80d0m1000_seed376517787.log 23463 q3-extractinstructions.txt 20150711_191544 0.5 559f0b997768393544b968e6
20150711_191539 50 1 1 2000 100000 817713633 34 10000 9966 0 0 34 0 0 0 0 0 0 0 10000 80 0 1000 6 1.433 0.031 ../q3/./log/doc50cop1shlf1lif2000_af0s1tTOTAL_gf10000i80d0m1000_seed817713633.log 24606 q3-extractinstructions.txt 20150711_191546 0.5 559f0b997768393544b968e7
20150711_191541 50 1 1 2000 100000 519606501 30 10000 9970 0 0 30 0 0 0 0 0 0 0 10000 80 0 1000 7 1.420 0.016 ../q3/./log/doc50cop1shlf1lif2000_af0s1tTOTAL_gf10000i80d0m1000_seed519606501.log 24285 q3-extractinstructions.txt 20150711_191548 0.5 559f0b997768393544b968e8
20150711_191543 50 1 1 2000 100000 715258232 24 10000 9976 0 0 24 0 0 0 0 0 0 0 10000 80 0 1000 5 1.416 0.015 ../q3/./log/doc50cop1shlf1lif2000_af0s1tTOTAL_gf10000i80d0m1000_seed715258232.log 20897 q3-extractinstructions.txt 20150711_191550 0.5 559f0b997768393544b968e9
20150711_191545 50 1 1 2000 100000 792850679 23 10000 9977 0 0 23 0 0 0 0 0 0 0 10000 80 0 1000 1 1.320 0.0 ../q3/./log/doc50cop1shlf1lif2000_af0s1tTOTAL_gf10000i80d0m1000_seed792850679.log 18923 q3-extractinstructions.txt 20150711_191552 0.5 559f0b997768393544b968ea
