timestamp docsize copies lifem simlength seed lost docstotal docsokay docsrepairedmajority docsrepairedminority docslost auditcycles auditfrequency auditsegments auditrepairs auditmajority auditminority auditlost walltime cputime logfilename logfilesize instructionfilename todaysdatetime extractorversion
20150103_130618 50 3 50 100000 103765041 0 10000 7430 2554 22 0 9 10000 1 2660 2616 22 0 13.835 10.203 ../q2/d50a10000s1long100/logb0050/c03d50b0050s103765041.log 316808 q2-extractinstructions-02.txt 20150104_134153 0.4
20150103_130659 50 3 50 100000 105731136 0 10000 7462 2512 36 0 9 10000 1 2638 2568 35 0 13.937 10.264 ../q2/d50a10000s1long100/logb0050/c03d50b0050s105731136.log 313005 q2-extractinstructions-02.txt 20150104_134154 0.4
20150103_130654 50 3 50 100000 117661523 0 10000 7396 2579 30 0 9 10000 1 2722 2666 28 0 14.137 10.296 ../q2/d50a10000s1long100/logb0050/c03d50b0050s117661523.log 320858 q2-extractinstructions-02.txt 20150104_134155 0.4
20150103_131957 50 3 50 100000 133966184 0 10000 7392 2594 20 0 9 10000 1 2710 2674 18 0 16.017 10.406 ../q2/d50a10000s1long100/logb0050/c03d50b0050s133966184.log 321320 q2-extractinstructions-02.txt 20150104_134156 0.4
20150103_130633 50 3 50 100000 141246882 0 10000 7463 2511 32 0 9 10000 1 2661 2603 29 0 15.121 10.921 ../q2/d50a10000s1long100/logb0050/c03d50b0050s141246882.log 312878 q2-extractinstructions-02.txt 20150104_134157 0.4
20150103_131724 50 3 50 100000 15591650 0 10000 7418 2555 33 0 9 10000 1 2716 2654 31 0 16.588 10.421 ../q2/d50a10000s1long100/logb0050/c03d50b0050s15591650.log 318222 q2-extractinstructions-02.txt 20150104_134158 0.4
20150103_132057 50 3 50 100000 166280481 0 10000 7427 2560 16 0 9 10000 1 2626 2598 14 0 15.383 10.436 ../q2/d50a10000s1long100/logb0050/c03d50b0050s166280481.log 317179 q2-extractinstructions-02.txt 20150104_134159 0.4
20150103_131847 50 3 50 100000 176818827 1 10000 7465 2510 30 1 9 10000 1 2649 2591 29 0 16.397 10.498 ../q2/d50a10000s1long100/logb0050/c03d50b0050s176818827.log 312625 q2-extractinstructions-02.txt 20150104_134200 0.4
20150103_132212 50 3 50 100000 178615611 0 10000 7382 2594 28 0 9 10000 1 2707 2651 28 0 16.448 11.077 ../q2/d50a10000s1long100/logb0050/c03d50b0050s178615611.log 322520 q2-extractinstructions-02.txt 20150104_134201 0.4
20150103_131630 50 3 50 100000 193031530 0 10000 7345 2624 35 0 9 10000 1 2789 2723 33 0 16.386 11.123 ../q2/d50a10000s1long100/logb0050/c03d50b0050s193031530.log 326905 q2-extractinstructions-02.txt 20150104_134202 0.4
20150103_132313 50 3 50 100000 213707177 0 10000 7320 2661 25 0 9 10000 1 2761 2717 22 0 13.824 10.327 ../q2/d50a10000s1long100/logb0050/c03d50b0050s213707177.log 329882 q2-extractinstructions-02.txt 20150104_134203 0.4
20150103_132010 50 3 50 100000 219481355 0 10000 7399 2587 21 0 9 10000 1 2698 2656 21 0 16.397 10.514 ../q2/d50a10000s1long100/logb0050/c03d50b0050s219481355.log 320482 q2-extractinstructions-02.txt 20150104_134204 0.4
20150103_131057 50 3 50 100000 229298583 0 10000 7350 2622 34 0 9 10000 1 2739 2681 29 0 14.178 10.296 ../q2/d50a10000s1long100/logb0050/c03d50b0050s229298583.log 326343 q2-extractinstructions-02.txt 20150104_134205 0.4
20150103_132158 50 3 50 100000 235032171 0 10000 7425 2556 24 0 9 10000 1 2685 2641 22 0 15.546 10.436 ../q2/d50a10000s1long100/logb0050/c03d50b0050s235032171.log 317402 q2-extractinstructions-02.txt 20150104_134206 0.4
20150103_131826 50 3 50 100000 257965973 0 10000 7375 2604 29 0 9 10000 1 2685 2629 28 0 15.836 10.467 ../q2/d50a10000s1long100/logb0050/c03d50b0050s257965973.log 323355 q2-extractinstructions-02.txt 20150104_134207 0.4
20150103_130835 50 3 50 100000 258760793 0 10000 7361 2618 32 0 9 10000 1 2743 2691 26 0 14.484 10.265 ../q2/d50a10000s1long100/logb0050/c03d50b0050s258760793.log 325009 q2-extractinstructions-02.txt 20150104_134208 0.4
20150103_130734 50 3 50 100000 263688301 0 10000 7403 2585 22 0 9 10000 1 2685 2645 20 0 14.077 10.249 ../q2/d50a10000s1long100/logb0050/c03d50b0050s263688301.log 320014 q2-extractinstructions-02.txt 20150104_134210 0.4
20150103_132219 50 3 50 100000 267313125 0 10000 7410 2570 22 0 9 10000 1 2691 2651 20 0 15.467 10.39 ../q2/d50a10000s1long100/logb0050/c03d50b0050s267313125.log 319161 q2-extractinstructions-02.txt 20150104_134211 0.4
20150103_131907 50 3 50 100000 273539877 0 10000 7354 2623 32 0 9 10000 1 2720 2664 28 0 16.392 10.515 ../q2/d50a10000s1long100/logb0050/c03d50b0050s273539877.log 325851 q2-extractinstructions-02.txt 20150104_134212 0.4
20150103_132016 50 3 50 100000 273745496 0 10000 7386 2583 41 0 9 10000 1 2725 2653 36 0 15.790 10.406 ../q2/d50a10000s1long100/logb0050/c03d50b0050s273745496.log 322040 q2-extractinstructions-02.txt 20150104_134213 0.4
20150103_131651 50 3 50 100000 288867276 1 10000 7467 2523 16 1 9 10000 1 2632 2604 14 0 15.834 10.375 ../q2/d50a10000s1long100/logb0050/c03d50b0050s288867276.log 312392 q2-extractinstructions-02.txt 20150104_134214 0.4
20150103_132233 50 3 50 100000 289290043 0 10000 7449 2533 26 0 9 10000 1 2638 2594 22 0 16.484 10.655 ../q2/d50a10000s1long100/logb0050/c03d50b0050s289290043.log 314523 q2-extractinstructions-02.txt 20150104_134215 0.4
20150103_131732 50 3 50 100000 31802340 1 10000 7390 2585 37 1 9 10000 1 2739 2671 34 1 15.678 10.468 ../q2/d50a10000s1long100/logb0050/c03d50b0050s31802340.log 321539 q2-extractinstructions-02.txt 20150104_134216 0.4
20150103_131441 50 3 50 100000 336520112 0 10000 7365 2613 27 0 9 10000 1 2735 2683 26 0 14.330 10.296 ../q2/d50a10000s1long100/logb0050/c03d50b0050s336520112.log 324545 q2-extractinstructions-02.txt 20150104_134217 0.4
20150103_132118 50 3 50 100000 338766876 0 10000 7373 2595 40 0 9 10000 1 2720 2646 37 0 16.220 10.483 ../q2/d50a10000s1long100/logb0050/c03d50b0050s338766876.log 323611 q2-extractinstructions-02.txt 20150104_134218 0.4
20150103_131259 50 3 50 100000 364245801 1 10000 7383 2591 32 1 9 10000 1 2735 2673 31 1 14.297 10.264 ../q2/d50a10000s1long100/logb0050/c03d50b0050s364245801.log 322381 q2-extractinstructions-02.txt 20150104_134219 0.4
20150103_130855 50 3 50 100000 376517787 0 10000 7376 2598 33 0 9 10000 1 2731 2669 31 0 14.171 10.188 ../q2/d50a10000s1long100/logb0050/c03d50b0050s376517787.log 323226 q2-extractinstructions-02.txt 20150104_134220 0.4
20150103_131927 50 3 50 100000 419739236 0 10000 7427 2552 28 0 9 10000 1 2667 2613 27 0 17.097 11.061 ../q2/d50a10000s1long100/logb0050/c03d50b0050s419739236.log 317153 q2-extractinstructions-02.txt 20150104_134221 0.4
20150103_130719 50 3 50 100000 420477893 0 10000 7374 2598 34 0 9 10000 1 2667 2607 30 0 13.882 10.249 ../q2/d50a10000s1long100/logb0050/c03d50b0050s420477893.log 323470 q2-extractinstructions-02.txt 20150104_134222 0.4
20150103_132030 50 3 50 100000 422259284 1 10000 7424 2556 30 1 9 10000 1 2711 2655 28 1 17.341 11.076 ../q2/d50a10000s1long100/logb0050/c03d50b0050s422259284.log 317500 q2-extractinstructions-02.txt 20150104_134223 0.4
20150103_132253 50 3 50 100000 453304600 0 10000 7388 2583 35 0 9 10000 1 2742 2680 31 0 16.602 10.484 ../q2/d50a10000s1long100/logb0050/c03d50b0050s453304600.log 321804 q2-extractinstructions-02.txt 20150104_134224 0.4
20150103_132151 50 3 50 100000 455349142 0 10000 7413 2569 25 0 9 10000 1 2714 2666 24 0 16.957 11.169 ../q2/d50a10000s1long100/logb0050/c03d50b0050s455349142.log 318804 q2-extractinstructions-02.txt 20150104_134225 0.4
20150103_131643 50 3 50 100000 458957777 0 10000 7460 2522 23 0 9 10000 1 2630 2588 21 0 16.654 10.405 ../q2/d50a10000s1long100/logb0050/c03d50b0050s458957777.log 313223 q2-extractinstructions-02.txt 20150104_134226 0.4
20150103_131704 50 3 50 100000 476293280 0 10000 7493 2483 33 0 9 10000 1 2590 2530 30 0 16.861 11.124 ../q2/d50a10000s1long100/logb0050/c03d50b0050s476293280.log 309317 q2-extractinstructions-02.txt 20150104_134227 0.4
20150103_131138 50 3 50 100000 487615299 0 10000 7453 2520 30 0 9 10000 1 2585 2533 26 0 13.959 10.187 ../q2/d50a10000s1long100/logb0050/c03d50b0050s487615299.log 314057 q2-extractinstructions-02.txt 20150104_134228 0.4
20150103_131022 50 3 50 100000 488153710 0 10000 7393 2594 16 0 9 10000 1 2700 2668 16 0 14.530 10.921 ../q2/d50a10000s1long100/logb0050/c03d50b0050s488153710.log 321198 q2-extractinstructions-02.txt 20150104_134229 0.4
20150103_131103 50 3 50 100000 49497595 1 10000 7401 2577 25 1 9 10000 1 2720 2672 24 0 13.786 10.249 ../q2/d50a10000s1long100/logb0050/c03d50b0050s49497595.log 320241 q2-extractinstructions-02.txt 20150104_134230 0.4
20150103_130739 50 3 50 100000 50746969 0 10000 7382 2591 38 0 9 10000 1 2728 2654 37 0 13.862 10.249 ../q2/d50a10000s1long100/logb0050/c03d50b0050s50746969.log 322479 q2-extractinstructions-02.txt 20150104_134231 0.4
20150103_132131 50 3 50 100000 507715397 0 10000 7395 2580 33 0 9 10000 1 2709 2651 29 0 15.799 10.514 ../q2/d50a10000s1long100/logb0050/c03d50b0050s507715397.log 320945 q2-extractinstructions-02.txt 20150104_134232 0.4
20150103_131934 50 3 50 100000 512496119 0 10000 7376 2608 26 0 9 10000 1 2701 2653 24 0 15.974 11.122 ../q2/d50a10000s1long100/logb0050/c03d50b0050s512496119.log 323220 q2-extractinstructions-02.txt 20150104_134233 0.4
20150103_131037 50 3 50 100000 51492881 0 10000 7381 2599 25 0 9 10000 1 2717 2673 22 0 14.048 10.28 ../q2/d50a10000s1long100/logb0050/c03d50b0050s51492881.log 322578 q2-extractinstructions-02.txt 20150104_134235 0.4
20150103_130916 50 3 50 100000 519606501 0 10000 7381 2600 25 0 9 10000 1 2724 2682 21 0 14.365 10.249 ../q2/d50a10000s1long100/logb0050/c03d50b0050s519606501.log 322616 q2-extractinstructions-02.txt 20150104_134236 0.4
20150103_130754 50 3 50 100000 533657980 0 10000 7417 2565 24 0 9 10000 1 2671 2629 21 0 14.493 10.249 ../q2/d50a10000s1long100/logb0050/c03d50b0050s533657980.log 318350 q2-extractinstructions-02.txt 20150104_134237 0.4
20150103_131805 50 3 50 100000 534532649 0 10000 7396 2582 34 0 9 10000 1 2717 2651 33 0 17.311 11.185 ../q2/d50a10000s1long100/logb0050/c03d50b0050s534532649.log 320845 q2-extractinstructions-02.txt 20150104_134238 0.4
20150103_131218 50 3 50 100000 580369466 1 10000 7387 2585 32 1 9 10000 1 2684 2622 31 1 14.438 10.28 ../q2/d50a10000s1long100/logb0050/c03d50b0050s580369466.log 321907 q2-extractinstructions-02.txt 20150104_134239 0.4
20150103_132138 50 3 50 100000 59405335 0 10000 7422 2557 26 0 9 10000 1 2699 2649 25 0 15.298 10.389 ../q2/d50a10000s1long100/logb0050/c03d50b0050s59405335.log 317747 q2-extractinstructions-02.txt 20150104_134240 0.4
20150103_130815 50 3 50 100000 597296547 0 10000 7364 2609 37 0 9 10000 1 2748 2674 37 0 14.283 10.343 ../q2/d50a10000s1long100/logb0050/c03d50b0050s597296547.log 324666 q2-extractinstructions-02.txt 20150104_134241 0.4
20150103_131304 50 3 50 100000 603593284 0 10000 7371 2618 16 0 9 10000 1 2739 2709 15 0 13.974 10.234 ../q2/d50a10000s1long100/logb0050/c03d50b0050s603593284.log 323802 q2-extractinstructions-02.txt 20150104_134242 0.4
20150103_131420 50 3 50 100000 60400782 0 10000 7444 2534 29 0 9 10000 1 2641 2595 23 0 14.203 10.218 ../q2/d50a10000s1long100/logb0050/c03d50b0050s60400782.log 315098 q2-extractinstructions-02.txt 20150104_134243 0.4
20150103_131158 50 3 50 100000 619181484 1 10000 7369 2605 27 1 9 10000 1 2710 2656 27 1 14.962 10.935 ../q2/d50a10000s1long100/logb0050/c03d50b0050s619181484.log 324041 q2-extractinstructions-02.txt 20150104_134244 0.4
20150103_132050 50 3 50 100000 634367214 0 10000 7447 2536 25 0 9 10000 1 2616 2570 23 0 16.785 11.092 ../q2/d50a10000s1long100/logb0050/c03d50b0050s634367214.log 314785 q2-extractinstructions-02.txt 20150104_134245 0.4
20150103_131426 50 3 50 100000 65398367 0 10000 7439 2537 27 0 9 10000 1 2632 2582 25 0 13.859 10.171 ../q2/d50a10000s1long100/logb0050/c03d50b0050s65398367.log 315702 q2-extractinstructions-02.txt 20150104_134246 0.4
20150103_130956 50 3 50 100000 656627946 0 10000 7392 2583 37 0 9 10000 1 2704 2638 33 0 14.365 10.39 ../q2/d50a10000s1long100/logb0050/c03d50b0050s656627946.log 321295 q2-extractinstructions-02.txt 20150104_134247 0.4
20150103_130820 50 3 50 100000 664375964 0 10000 7352 2613 40 0 9 10000 1 2720 2644 38 0 14.091 10.328 ../q2/d50a10000s1long100/logb0050/c03d50b0050s664375964.log 326064 q2-extractinstructions-02.txt 20150104_134248 0.4
20150103_130840 50 3 50 100000 666549275 0 10000 7462 2507 41 0 9 10000 1 2629 2561 34 0 13.801 10.203 ../q2/d50a10000s1long100/logb0050/c03d50b0050s666549275.log 312996 q2-extractinstructions-02.txt 20150104_134249 0.4
20150103_131521 50 3 50 100000 678794337 0 10000 7419 2560 21 0 9 10000 1 2650 2610 20 0 14.225 10.249 ../q2/d50a10000s1long100/logb0050/c03d50b0050s678794337.log 318118 q2-extractinstructions-02.txt 20150104_134250 0.4
20150103_131813 50 3 50 100000 679844657 0 10000 7370 2603 33 0 9 10000 1 2723 2659 32 0 15.654 10.514 ../q2/d50a10000s1long100/logb0050/c03d50b0050s679844657.log 323937 q2-extractinstructions-02.txt 20150104_134251 0.4
20150103_132259 50 3 50 100000 680128204 0 10000 7393 2584 29 0 9 10000 1 2665 2613 26 0 15.174 10.468 ../q2/d50a10000s1long100/logb0050/c03d50b0050s680128204.log 321177 q2-extractinstructions-02.txt 20150104_134253 0.4
20150103_130639 50 3 50 100000 681028781 0 10000 7392 2587 22 0 9 10000 1 2707 2669 19 0 14.675 10.998 ../q2/d50a10000s1long100/logb0050/c03d50b0050s681028781.log 321364 q2-extractinstructions-02.txt 20150104_134254 0.4
20150103_131607 50 3 50 100000 684587419 0 10000 7421 2554 30 0 9 10000 1 2648 2590 29 0 13.794 10.249 ../q2/d50a10000s1long100/logb0050/c03d50b0050s684587419.log 317863 q2-extractinstructions-02.txt 20150104_134255 0.4
20150103_131239 50 3 50 100000 691574937 0 10000 7440 2535 35 0 9 10000 1 2651 2589 31 0 14.394 10.265 ../q2/d50a10000s1long100/logb0050/c03d50b0050s691574937.log 315596 q2-extractinstructions-02.txt 20150104_134256 0.4
20150103_131244 50 3 50 100000 696282793 0 10000 7344 2634 30 0 9 10000 1 2757 2703 27 0 13.975 10.25 ../q2/d50a10000s1long100/logb0050/c03d50b0050s696282793.log 327012 q2-extractinstructions-02.txt 20150104_134257 0.4
20150103_131319 50 3 50 100000 70757215 0 10000 7394 2577 39 0 9 10000 1 2714 2644 35 0 14.303 10.28 ../q2/d50a10000s1long100/logb0050/c03d50b0050s70757215.log 321055 q2-extractinstructions-02.txt 20150104_134258 0.4
20150103_130759 50 3 50 100000 711283608 0 10000 7456 2521 30 0 9 10000 1 2651 2599 26 0 13.880 10.296 ../q2/d50a10000s1long100/logb0050/c03d50b0050s711283608.log 313703 q2-extractinstructions-02.txt 20150104_134259 0.4
20150103_131340 50 3 50 100000 71232281 0 10000 7341 2640 26 0 9 10000 1 2733 2683 25 0 14.306 10.296 ../q2/d50a10000s1long100/logb0050/c03d50b0050s71232281.log 327364 q2-extractinstructions-02.txt 20150104_134300 0.4
20150103_131547 50 3 50 100000 713686983 0 10000 7406 2577 22 0 9 10000 1 2712 2668 22 0 13.840 10.217 ../q2/d50a10000s1long100/logb0050/c03d50b0050s713686983.log 319627 q2-extractinstructions-02.txt 20150104_134301 0.4
20150103_130921 50 3 50 100000 715258232 1 10000 7324 2653 29 1 9 10000 1 2768 2712 28 1 13.903 10.28 ../q2/d50a10000s1long100/logb0050/c03d50b0050s715258232.log 329400 q2-extractinstructions-02.txt 20150104_134302 0.4
20150103_131914 50 3 50 100000 720726081 0 10000 7404 2568 36 0 9 10000 1 2680 2614 33 0 16.104 10.436 ../q2/d50a10000s1long100/logb0050/c03d50b0050s720726081.log 319888 q2-extractinstructions-02.txt 20150104_134303 0.4
20150103_131853 50 3 50 100000 729004945 0 10000 7373 2603 30 0 9 10000 1 2747 2695 26 0 14.735 10.545 ../q2/d50a10000s1long100/logb0050/c03d50b0050s729004945.log 323597 q2-extractinstructions-02.txt 20150104_134304 0.4
20150103_131123 50 3 50 100000 731421358 0 10000 7444 2537 22 0 9 10000 1 2613 2577 18 0 13.891 10.218 ../q2/d50a10000s1long100/logb0050/c03d50b0050s731421358.log 315145 q2-extractinstructions-02.txt 20150104_134305 0.4
20150103_131446 50 3 50 100000 748542218 0 10000 7435 2548 27 0 9 10000 1 2672 2622 25 0 14.682 10.982 ../q2/d50a10000s1long100/logb0050/c03d50b0050s748542218.log 316212 q2-extractinstructions-02.txt 20150104_134306 0.4
20150103_132239 50 3 50 100000 749682202 1 10000 7366 2612 30 1 9 10000 1 2715 2659 28 1 16.194 10.483 ../q2/d50a10000s1long100/logb0050/c03d50b0050s749682202.log 324398 q2-extractinstructions-02.txt 20150104_134307 0.4
20150103_131325 50 3 50 100000 764644760 0 10000 7402 2569 34 0 9 10000 1 2678 2614 32 0 14.532 10.858 ../q2/d50a10000s1long100/logb0050/c03d50b0050s764644760.log 320119 q2-extractinstructions-02.txt 20150104_134308 0.4
20150103_131017 50 3 50 100000 771297240 0 10000 7376 2601 30 0 9 10000 1 2752 2700 26 0 14.728 10.312 ../q2/d50a10000s1long100/logb0050/c03d50b0050s771297240.log 323230 q2-extractinstructions-02.txt 20150104_134309 0.4
20150103_131948 50 3 50 100000 779623269 0 10000 7420 2559 25 0 9 10000 1 2678 2630 24 0 16.642 10.405 ../q2/d50a10000s1long100/logb0050/c03d50b0050s779623269.log 318006 q2-extractinstructions-02.txt 20150104_134310 0.4
20150103_131506 50 3 50 100000 792274735 0 10000 7471 2509 25 0 9 10000 1 2586 2540 23 0 13.813 10.202 ../q2/d50a10000s1long100/logb0050/c03d50b0050s792274735.log 311925 q2-extractinstructions-02.txt 20150104_134311 0.4
20150103_130936 50 3 50 100000 792850679 0 10000 7453 2528 27 0 9 10000 1 2661 2613 24 0 14.148 10.265 ../q2/d50a10000s1long100/logb0050/c03d50b0050s792850679.log 314075 q2-extractinstructions-02.txt 20150104_134312 0.4
20150103_130901 50 3 50 100000 817713633 0 10000 7417 2567 24 0 9 10000 1 2656 2612 22 0 13.928 10.28 ../q2/d50a10000s1long100/logb0050/c03d50b0050s817713633.log 318363 q2-extractinstructions-02.txt 20150104_134313 0.4
20150103_131501 50 3 50 100000 821083276 0 10000 7467 2509 28 0 9 10000 1 2641 2593 24 0 15.282 10.95 ../q2/d50a10000s1long100/logb0050/c03d50b0050s821083276.log 312387 q2-extractinstructions-02.txt 20150104_134314 0.4
20150103_131752 50 3 50 100000 830503386 0 10000 7395 2585 27 0 9 10000 1 2678 2634 22 0 15.622 10.452 ../q2/d50a10000s1long100/logb0050/c03d50b0050s830503386.log 320973 q2-extractinstructions-02.txt 20150104_134315 0.4
20150103_131400 50 3 50 100000 835080798 0 10000 7490 2486 28 0 9 10000 1 2548 2494 27 0 14.348 10.171 ../q2/d50a10000s1long100/logb0050/c03d50b0050s835080798.log 309653 q2-extractinstructions-02.txt 20150104_134316 0.4
20150103_131833 50 3 50 100000 844916563 0 10000 7452 2534 21 0 9 10000 1 2658 2622 18 0 16.295 11.077 ../q2/d50a10000s1long100/logb0050/c03d50b0050s844916563.log 314177 q2-extractinstructions-02.txt 20150104_134317 0.4
20150103_131542 50 3 50 100000 847753645 0 10000 7467 2508 38 0 9 10000 1 2663 2589 37 0 14.017 10.249 ../q2/d50a10000s1long100/logb0050/c03d50b0050s847753645.log 312397 q2-extractinstructions-02.txt 20150104_134318 0.4
20150103_131345 50 3 50 100000 855242110 0 10000 7461 2526 19 0 9 10000 1 2632 2598 17 0 13.765 10.233 ../q2/d50a10000s1long100/logb0050/c03d50b0050s855242110.log 313120 q2-extractinstructions-02.txt 20150104_134320 0.4
20150103_131711 50 3 50 100000 862671664 0 10000 7402 2587 16 0 9 10000 1 2697 2667 15 0 15.534 10.468 ../q2/d50a10000s1long100/logb0050/c03d50b0050s862671664.log 320157 q2-extractinstructions-02.txt 20150104_134321 0.4
20150103_131203 50 3 50 100000 869373100 1 10000 7396 2577 31 1 9 10000 1 2695 2635 30 0 13.860 10.249 ../q2/d50a10000s1long100/logb0050/c03d50b0050s869373100.log 320852 q2-extractinstructions-02.txt 20150104_134322 0.4
20150103_130613 50 3 50 100000 919028296 0 10000 7391 2587 28 0 9 10000 1 2730 2676 27 0 14.368 10.296 ../q2/d50a10000s1long100/logb0050/c03d50b0050s919028296.log 321426 q2-extractinstructions-02.txt 20150104_134323 0.4
20150103_131602 50 3 50 100000 9255885 0 10000 7369 2603 37 0 9 10000 1 2745 2675 35 0 14.311 10.359 ../q2/d50a10000s1long100/logb0050/c03d50b0050s9255885.log 324073 q2-extractinstructions-02.txt 20150104_134324 0.4
20150103_131042 50 3 50 100000 932031761 0 10000 7451 2527 26 0 9 10000 1 2628 2582 23 0 13.862 10.218 ../q2/d50a10000s1long100/logb0050/c03d50b0050s932031761.log 314300 q2-extractinstructions-02.txt 20150104_134325 0.4
20150103_131405 50 3 50 100000 937674136 0 10000 7437 2545 27 0 9 10000 1 2663 2617 23 0 13.780 10.187 ../q2/d50a10000s1long100/logb0050/c03d50b0050s937674136.log 315959 q2-extractinstructions-02.txt 20150104_134326 0.4
20150103_132110 50 3 50 100000 950542138 0 10000 7369 2609 26 0 9 10000 1 2685 2637 24 0 16.833 10.499 ../q2/d50a10000s1long100/logb0050/c03d50b0050s950542138.log 324039 q2-extractinstructions-02.txt 20150104_134327 0.4
20150103_132037 50 3 50 100000 955201089 1 10000 7427 2543 35 1 9 10000 1 2725 2661 32 1 15.829 10.467 ../q2/d50a10000s1long100/logb0050/c03d50b0050s955201089.log 317138 q2-extractinstructions-02.txt 20150104_134328 0.4
20150103_131622 50 3 50 100000 960426761 0 10000 7352 2623 34 0 9 10000 1 2758 2696 31 0 15.848 10.421 ../q2/d50a10000s1long100/logb0050/c03d50b0050s960426761.log 326068 q2-extractinstructions-02.txt 20150104_134329 0.4
20150103_130714 50 3 50 100000 967561224 1 10000 7389 2584 32 1 9 10000 1 2723 2669 27 1 14.454 10.265 ../q2/d50a10000s1long100/logb0050/c03d50b0050s967561224.log 321677 q2-extractinstructions-02.txt 20150104_134330 0.4
20150103_130941 50 3 50 100000 969331491 0 10000 7462 2522 19 0 9 10000 1 2639 2605 17 0 13.846 10.171 ../q2/d50a10000s1long100/logb0050/c03d50b0050s969331491.log 312985 q2-extractinstructions-02.txt 20150104_134331 0.4
20150103_131143 50 3 50 100000 974358641 0 10000 7447 2531 25 0 9 10000 1 2634 2586 24 0 14.523 10.827 ../q2/d50a10000s1long100/logb0050/c03d50b0050s974358641.log 314758 q2-extractinstructions-02.txt 20150104_134332 0.4
20150103_131527 50 3 50 100000 97735260 0 10000 7362 2609 36 0 9 10000 1 2765 2699 33 0 13.959 10.328 ../q2/d50a10000s1long100/logb0050/c03d50b0050s97735260.log 324888 q2-extractinstructions-02.txt 20150104_134333 0.4
20150103_131224 50 3 50 100000 981597449 1 10000 7366 2608 40 1 9 10000 1 2702 2624 39 1 13.922 10.187 ../q2/d50a10000s1long100/logb0050/c03d50b0050s981597449.log 324409 q2-extractinstructions-02.txt 20150104_134334 0.4
20150103_131118 50 3 50 100000 981995409 1 10000 7446 2535 23 1 9 10000 1 2674 2636 19 1 14.084 10.265 ../q2/d50a10000s1long100/logb0050/c03d50b0050s981995409.log 314903 q2-extractinstructions-02.txt 20150104_134335 0.4
20150103_131001 50 3 50 100000 985655050 0 10000 7426 2553 21 0 9 10000 1 2643 2603 20 0 14.567 10.952 ../q2/d50a10000s1long100/logb0050/c03d50b0050s985655050.log 317282 q2-extractinstructions-02.txt 20150104_134336 0.4
20150103_131745 50 3 50 100000 987909730 0 10000 7382 2596 25 0 9 10000 1 2701 2653 24 0 15.727 10.438 ../q2/d50a10000s1long100/logb0050/c03d50b0050s987909730.log 322529 q2-extractinstructions-02.txt 20150104_134337 0.4
20150103_132402 50 4 50 100000 103765041 0 10000 6734 3266 0 0 9 10000 1 3515 3468 0 0 18.898 13.806 ../q2/d50a10000s1long100/logb0050/c04d50b0050s103765041.log 400205 q2-extractinstructions-02.txt 20150104_134339 0.4
20150103_132453 50 4 50 100000 105731136 0 10000 6744 3256 0 0 9 10000 1 3533 3483 0 0 19.100 13.712 ../q2/d50a10000s1long100/logb0050/c04d50b0050s105731136.log 398991 q2-extractinstructions-02.txt 20150104_134340 0.4
20150103_132438 50 4 50 100000 117661523 0 10000 6690 3310 0 0 9 10000 1 3599 3546 0 0 19.803 14.586 ../q2/d50a10000s1long100/logb0050/c04d50b0050s117661523.log 405410 q2-extractinstructions-02.txt 20150104_134341 0.4
20150103_134241 50 4 50 100000 133966184 0 10000 6698 3302 0 0 9 10000 1 3621 3573 0 0 19.730 14.851 ../q2/d50a10000s1long100/logb0050/c04d50b0050s133966184.log 404490 q2-extractinstructions-02.txt 20150104_134342 0.4
20150103_132417 50 4 50 100000 141246882 0 10000 6713 3287 0 0 9 10000 1 3518 3468 0 0 18.917 13.852 ../q2/d50a10000s1long100/logb0050/c04d50b0050s141246882.log 402695 q2-extractinstructions-02.txt 20150104_134344 0.4
20150103_133900 50 4 50 100000 15591650 0 10000 6678 3322 0 0 9 10000 1 3604 3549 0 0 22.068 14.914 ../q2/d50a10000s1long100/logb0050/c04d50b0050s15591650.log 406845 q2-extractinstructions-02.txt 20150104_134345 0.4
20150103_134412 50 4 50 100000 166280481 0 10000 6733 3267 0 0 9 10000 1 3514 3461 0 0 18.805 14.056 ../q2/d50a10000s1long100/logb0050/c04d50b0050s166280481.log 400330 q2-extractinstructions-02.txt 20150104_134346 0.4
20150103_134102 50 4 50 100000 176818827 0 10000 6744 3256 0 0 9 10000 1 3514 3471 0 0 21.243 14.024 ../q2/d50a10000s1long100/logb0050/c04d50b0050s176818827.log 398975 q2-extractinstructions-02.txt 20150104_134347 0.4
20150103_134606 50 4 50 100000 178615611 0 10000 6747 3253 0 0 9 10000 1 3576 3522 0 0 20.936 14.009 ../q2/d50a10000s1long100/logb0050/c04d50b0050s178615611.log 398659 q2-extractinstructions-02.txt 20150104_134348 0.4
20150103_133735 50 4 50 100000 193031530 0 10000 6669 3331 0 0 9 10000 1 3608 3551 0 0 18.575 14.04 ../q2/d50a10000s1long100/logb0050/c04d50b0050s193031530.log 407910 q2-extractinstructions-02.txt 20150104_134350 0.4
20150103_134738 50 4 50 100000 213707177 0 10000 6673 3326 1 0 9 10000 1 3645 3587 0 0 18.172 13.868 ../q2/d50a10000s1long100/logb0050/c04d50b0050s213707177.log 407457 q2-extractinstructions-02.txt 20150104_134351 0.4
20150103_134304 50 4 50 100000 219481355 0 10000 6702 3298 1 0 9 10000 1 3553 3502 1 0 21.651 14.117 ../q2/d50a10000s1long100/logb0050/c04d50b0050s219481355.log 403988 q2-extractinstructions-02.txt 20150104_134352 0.4
20150103_132952 50 4 50 100000 229298583 0 10000 6656 3344 0 0 9 10000 1 3624 3581 0 0 19.663 14.726 ../q2/d50a10000s1long100/logb0050/c04d50b0050s229298583.log 409489 q2-extractinstructions-02.txt 20150104_134353 0.4
20150103_134543 50 4 50 100000 235032171 0 10000 6718 3281 1 0 9 10000 1 3544 3486 1 0 19.586 15.039 ../q2/d50a10000s1long100/logb0050/c04d50b0050s235032171.log 402102 q2-extractinstructions-02.txt 20150104_134355 0.4
20150103_134031 50 4 50 100000 257965973 0 10000 6648 3352 0 0 9 10000 1 3613 3560 0 0 21.377 14.056 ../q2/d50a10000s1long100/logb0050/c04d50b0050s257965973.log 410423 q2-extractinstructions-02.txt 20150104_134356 0.4
20150103_132709 50 4 50 100000 258760793 0 10000 6653 3347 0 0 9 10000 1 3647 3587 0 0 18.719 13.76 ../q2/d50a10000s1long100/logb0050/c04d50b0050s258760793.log 409829 q2-extractinstructions-02.txt 20150104_134357 0.4
20150103_132539 50 4 50 100000 263688301 0 10000 6703 3296 1 0 9 10000 1 3563 3509 1 0 20.014 14.665 ../q2/d50a10000s1long100/logb0050/c04d50b0050s263688301.log 403888 q2-extractinstructions-02.txt 20150104_134359 0.4
20150103_134614 50 4 50 100000 267313125 0 10000 6721 3278 1 0 9 10000 1 3553 3499 1 0 18.797 13.993 ../q2/d50a10000s1long100/logb0050/c04d50b0050s267313125.log 401729 q2-extractinstructions-02.txt 20150104_134400 0.4
20150103_134132 50 4 50 100000 273539877 0 10000 6643 3357 1 0 9 10000 1 3687 3634 1 0 21.244 14.072 ../q2/d50a10000s1long100/logb0050/c04d50b0050s273539877.log 411041 q2-extractinstructions-02.txt 20150104_134401 0.4
20150103_134311 50 4 50 100000 273745496 0 10000 6687 3313 0 0 9 10000 1 3601 3557 0 0 18.936 14.055 ../q2/d50a10000s1long100/logb0050/c04d50b0050s273745496.log 405793 q2-extractinstructions-02.txt 20150104_134402 0.4
20150103_133806 50 4 50 100000 288867276 0 10000 6734 3266 0 0 9 10000 1 3533 3496 0 0 19.844 15.148 ../q2/d50a10000s1long100/logb0050/c04d50b0050s288867276.log 400175 q2-extractinstructions-02.txt 20150104_134404 0.4
20150103_134637 50 4 50 100000 289290043 0 10000 6711 3289 0 0 9 10000 1 3576 3525 0 0 21.479 14.087 ../q2/d50a10000s1long100/logb0050/c04d50b0050s289290043.log 402917 q2-extractinstructions-02.txt 20150104_134405 0.4
20150103_133907 50 4 50 100000 31802340 0 10000 6709 3291 0 0 9 10000 1 3603 3553 0 0 18.727 14.04 ../q2/d50a10000s1long100/logb0050/c04d50b0050s31802340.log 403147 q2-extractinstructions-02.txt 20150104_134406 0.4
20150103_133456 50 4 50 100000 336520112 0 10000 6683 3317 0 0 9 10000 1 3614 3564 0 0 21.061 14.211 ../q2/d50a10000s1long100/logb0050/c04d50b0050s336520112.log 406261 q2-extractinstructions-02.txt 20150104_134407 0.4
20150103_134442 50 4 50 100000 338766876 0 10000 6711 3289 0 0 9 10000 1 3605 3545 0 0 18.780 14.117 ../q2/d50a10000s1long100/logb0050/c04d50b0050s338766876.log 402961 q2-extractinstructions-02.txt 20150104_134409 0.4
20150103_133234 50 4 50 100000 364245801 0 10000 6683 3317 0 0 9 10000 1 3542 3490 0 0 19.467 14.617 ../q2/d50a10000s1long100/logb0050/c04d50b0050s364245801.log 406252 q2-extractinstructions-02.txt 20150104_134410 0.4
20150103_132730 50 4 50 100000 376517787 0 10000 6675 3325 0 0 9 10000 1 3647 3590 0 0 18.930 13.697 ../q2/d50a10000s1long100/logb0050/c04d50b0050s376517787.log 407222 q2-extractinstructions-02.txt 20150104_134411 0.4
20150103_134203 50 4 50 100000 419739236 0 10000 6721 3277 2 0 9 10000 1 3506 3439 2 0 20.982 14.025 ../q2/d50a10000s1long100/logb0050/c04d50b0050s419739236.log 401734 q2-extractinstructions-02.txt 20150104_134412 0.4
20150103_132524 50 4 50 100000 420477893 0 10000 6675 3325 0 0 9 10000 1 3617 3557 0 0 18.643 13.728 ../q2/d50a10000s1long100/logb0050/c04d50b0050s420477893.log 407213 q2-extractinstructions-02.txt 20150104_134413 0.4
20150103_134334 50 4 50 100000 422259284 0 10000 6704 3296 0 0 9 10000 1 3601 3540 0 0 21.679 14.04 ../q2/d50a10000s1long100/logb0050/c04d50b0050s422259284.log 403775 q2-extractinstructions-02.txt 20150104_134415 0.4
20150103_134707 50 4 50 100000 453304600 0 10000 6663 3337 0 0 9 10000 1 3638 3583 0 0 20.768 14.134 ../q2/d50a10000s1long100/logb0050/c04d50b0050s453304600.log 408632 q2-extractinstructions-02.txt 20150104_134416 0.4
20150103_134536 50 4 50 100000 455349142 0 10000 6694 3306 0 0 9 10000 1 3593 3530 0 0 21.047 14.103 ../q2/d50a10000s1long100/logb0050/c04d50b0050s455349142.log 404939 q2-extractinstructions-02.txt 20150104_134417 0.4
20150103_133759 50 4 50 100000 458957777 0 10000 6746 3254 0 0 9 10000 1 3499 3459 0 0 21.843 14.898 ../q2/d50a10000s1long100/logb0050/c04d50b0050s458957777.log 398763 q2-extractinstructions-02.txt 20150104_134418 0.4
20150103_133829 50 4 50 100000 476293280 0 10000 6754 3246 0 0 9 10000 1 3540 3487 0 0 20.825 14.072 ../q2/d50a10000s1long100/logb0050/c04d50b0050s476293280.log 397837 q2-extractinstructions-02.txt 20150104_134420 0.4
20150103_133052 50 4 50 100000 487615299 0 10000 6746 3254 0 0 9 10000 1 3511 3453 0 0 18.764 13.759 ../q2/d50a10000s1long100/logb0050/c04d50b0050s487615299.log 398755 q2-extractinstructions-02.txt 20150104_134421 0.4
20150103_132906 50 4 50 100000 488153710 0 10000 6711 3287 2 0 9 10000 1 3599 3552 2 0 18.479 13.837 ../q2/d50a10000s1long100/logb0050/c04d50b0050s488153710.log 402912 q2-extractinstructions-02.txt 20150104_134422 0.4
20150103_132957 50 4 50 100000 49497595 0 10000 6701 3299 0 0 9 10000 1 3581 3529 0 0 18.360 13.852 ../q2/d50a10000s1long100/logb0050/c04d50b0050s49497595.log 404093 q2-extractinstructions-02.txt 20150104_134423 0.4
20150103_132543 50 4 50 100000 50746969 0 10000 6726 3273 1 0 9 10000 1 3554 3493 0 0 18.350 13.807 ../q2/d50a10000s1long100/logb0050/c04d50b0050s50746969.log 401127 q2-extractinstructions-02.txt 20150104_134425 0.4
20150103_134506 50 4 50 100000 507715397 0 10000 6679 3321 0 0 9 10000 1 3595 3542 0 0 20.517 14.149 ../q2/d50a10000s1long100/logb0050/c04d50b0050s507715397.log 406717 q2-extractinstructions-02.txt 20150104_134426 0.4
20150103_134210 50 4 50 100000 512496119 0 10000 6664 3335 1 0 9 10000 1 3599 3551 0 0 18.658 14.086 ../q2/d50a10000s1long100/logb0050/c04d50b0050s512496119.log 408525 q2-extractinstructions-02.txt 20150104_134427 0.4
20150103_132922 50 4 50 100000 51492881 0 10000 6682 3318 0 0 9 10000 1 3646 3591 0 0 19.126 13.821 ../q2/d50a10000s1long100/logb0050/c04d50b0050s51492881.log 406319 q2-extractinstructions-02.txt 20150104_134428 0.4
20150103_132750 50 4 50 100000 519606501 0 10000 6703 3295 2 0 9 10000 1 3603 3561 2 0 18.852 13.712 ../q2/d50a10000s1long100/logb0050/c04d50b0050s519606501.log 403851 q2-extractinstructions-02.txt 20150104_134429 0.4
20150103_132609 50 4 50 100000 533657980 0 10000 6699 3301 0 0 9 10000 1 3526 3479 0 0 19.941 14.648 ../q2/d50a10000s1long100/logb0050/c04d50b0050s533657980.log 404364 q2-extractinstructions-02.txt 20150104_134431 0.4
20150103_134001 50 4 50 100000 534532649 0 10000 6683 3317 1 0 9 10000 1 3613 3561 1 0 22.240 15.085 ../q2/d50a10000s1long100/logb0050/c04d50b0050s534532649.log 406264 q2-extractinstructions-02.txt 20150104_134432 0.4
20150103_133143 50 4 50 100000 580369466 0 10000 6706 3293 1 0 9 10000 1 3598 3535 1 0 19.674 14.726 ../q2/d50a10000s1long100/logb0050/c04d50b0050s580369466.log 403526 q2-extractinstructions-02.txt 20150104_134433 0.4
20150103_134513 50 4 50 100000 59405335 0 10000 6740 3260 0 0 9 10000 1 3552 3508 0 0 19.849 14.93 ../q2/d50a10000s1long100/logb0050/c04d50b0050s59405335.log 399479 q2-extractinstructions-02.txt 20150104_134434 0.4
20150103_132639 50 4 50 100000 597296547 0 10000 6659 3341 0 0 9 10000 1 3672 3609 0 0 19.943 14.742 ../q2/d50a10000s1long100/logb0050/c04d50b0050s597296547.log 409132 q2-extractinstructions-02.txt 20150104_134436 0.4
20150103_133239 50 4 50 100000 603593284 0 10000 6673 3327 0 0 9 10000 1 3613 3566 0 0 18.333 13.775 ../q2/d50a10000s1long100/logb0050/c04d50b0050s603593284.log 407429 q2-extractinstructions-02.txt 20150104_134437 0.4
20150103_133425 50 4 50 100000 60400782 0 10000 6749 3251 0 0 9 10000 1 3538 3494 0 0 20.340 13.945 ../q2/d50a10000s1long100/logb0050/c04d50b0050s60400782.log 398366 q2-extractinstructions-02.txt 20150104_134438 0.4
20150103_133113 50 4 50 100000 619181484 0 10000 6685 3314 1 0 9 10000 1 3627 3564 1 0 19.589 14.633 ../q2/d50a10000s1long100/logb0050/c04d50b0050s619181484.log 406003 q2-extractinstructions-02.txt 20150104_134439 0.4
20150103_134405 50 4 50 100000 634367214 0 10000 6784 3216 0 0 9 10000 1 3456 3422 0 0 21.177 14.008 ../q2/d50a10000s1long100/logb0050/c04d50b0050s634367214.log 394257 q2-extractinstructions-02.txt 20150104_134441 0.4
20150103_133433 50 4 50 100000 65398367 0 10000 6774 3226 0 0 9 10000 1 3496 3445 0 0 18.450 13.915 ../q2/d50a10000s1long100/logb0050/c04d50b0050s65398367.log 395404 q2-extractinstructions-02.txt 20150104_134442 0.4
20150103_132830 50 4 50 100000 656627946 0 10000 6687 3311 2 0 9 10000 1 3647 3595 2 0 19.893 14.789 ../q2/d50a10000s1long100/logb0050/c04d50b0050s656627946.log 405763 q2-extractinstructions-02.txt 20150104_134443 0.4
20150103_132644 50 4 50 100000 664375964 0 10000 6664 3336 0 0 9 10000 1 3647 3586 0 0 19.159 14.649 ../q2/d50a10000s1long100/logb0050/c04d50b0050s664375964.log 408506 q2-extractinstructions-02.txt 20150104_134444 0.4
20150103_132714 50 4 50 100000 666549275 0 10000 6702 3297 1 0 9 10000 1 3586 3522 1 0 19.747 14.711 ../q2/d50a10000s1long100/logb0050/c04d50b0050s666549275.log 404001 q2-extractinstructions-02.txt 20150104_134446 0.4
20150103_133557 50 4 50 100000 678794337 0 10000 6726 3273 1 0 9 10000 1 3579 3520 1 0 20.135 14.041 ../q2/d50a10000s1long100/logb0050/c04d50b0050s678794337.log 401156 q2-extractinstructions-02.txt 20150104_134447 0.4
20150103_134009 50 4 50 100000 679844657 0 10000 6698 3301 1 0 9 10000 1 3606 3548 1 0 19.343 14.103 ../q2/d50a10000s1long100/logb0050/c04d50b0050s679844657.log 404481 q2-extractinstructions-02.txt 20150104_134448 0.4
20150103_134715 50 4 50 100000 680128204 0 10000 6635 3365 0 0 9 10000 1 3607 3566 0 0 19.820 14.992 ../q2/d50a10000s1long100/logb0050/c04d50b0050s680128204.log 411945 q2-extractinstructions-02.txt 20150104_134449 0.4
20150103_132422 50 4 50 100000 681028781 0 10000 6697 3303 0 0 9 10000 1 3601 3550 0 0 19.449 13.805 ../q2/d50a10000s1long100/logb0050/c04d50b0050s681028781.log 404636 q2-extractinstructions-02.txt 20150104_134451 0.4
20150103_133705 50 4 50 100000 684587419 0 10000 6716 3284 0 0 9 10000 1 3569 3521 0 0 18.818 14.119 ../q2/d50a10000s1long100/logb0050/c04d50b0050s684587419.log 402329 q2-extractinstructions-02.txt 20150104_134452 0.4
20150103_133213 50 4 50 100000 691574937 0 10000 6757 3242 1 0 9 10000 1 3544 3490 0 0 19.517 14.648 ../q2/d50a10000s1long100/logb0050/c04d50b0050s691574937.log 397440 q2-extractinstructions-02.txt 20150104_134453 0.4
20150103_133219 50 4 50 100000 696282793 0 10000 6611 3389 0 0 9 10000 1 3681 3633 0 0 19.086 13.868 ../q2/d50a10000s1long100/logb0050/c04d50b0050s696282793.log 414817 q2-extractinstructions-02.txt 20150104_134454 0.4
20150103_133304 50 4 50 100000 70757215 0 10000 6699 3301 0 0 9 10000 1 3598 3539 0 0 19.938 14.727 ../q2/d50a10000s1long100/logb0050/c04d50b0050s70757215.log 404321 q2-extractinstructions-02.txt 20150104_134456 0.4
20150103_132614 50 4 50 100000 711283608 0 10000 6718 3282 0 0 9 10000 1 3525 3478 0 0 18.481 13.837 ../q2/d50a10000s1long100/logb0050/c04d50b0050s711283608.log 402081 q2-extractinstructions-02.txt 20150104_134457 0.4
20150103_133335 50 4 50 100000 71232281 0 10000 6648 3351 1 0 9 10000 1 3610 3572 1 0 19.001 13.821 ../q2/d50a10000s1long100/logb0050/c04d50b0050s71232281.log 410394 q2-extractinstructions-02.txt 20150104_134458 0.4
20150103_133634 50 4 50 100000 713686983 0 10000 6690 3310 0 0 9 10000 1 3599 3546 0 0 18.684 14.04 ../q2/d50a10000s1long100/logb0050/c04d50b0050s713686983.log 405394 q2-extractinstructions-02.txt 20150104_134459 0.4
20150103_132805 50 4 50 100000 715258232 0 10000 6626 3374 0 0 9 10000 1 3655 3601 0 0 18.977 13.884 ../q2/d50a10000s1long100/logb0050/c04d50b0050s715258232.log 413041 q2-extractinstructions-02.txt 20150104_134500 0.4
20150103_134140 50 4 50 100000 720726081 0 10000 6679 3319 2 0 9 10000 1 3589 3526 2 0 18.754 14.024 ../q2/d50a10000s1long100/logb0050/c04d50b0050s720726081.log 406741 q2-extractinstructions-02.txt 20150104_134502 0.4
20150103_134109 50 4 50 100000 729004945 0 10000 6657 3343 0 0 9 10000 1 3653 3592 0 0 19.054 14.196 ../q2/d50a10000s1long100/logb0050/c04d50b0050s729004945.log 409359 q2-extractinstructions-02.txt 20150104_134503 0.4
20150103_133027 50 4 50 100000 731421358 0 10000 6742 3258 0 0 9 10000 1 3492 3434 0 0 18.246 13.822 ../q2/d50a10000s1long100/logb0050/c04d50b0050s731421358.log 399244 q2-extractinstructions-02.txt 20150104_134504 0.4
20150103_133503 50 4 50 100000 748542218 0 10000 6747 3253 0 0 9 10000 1 3519 3469 0 0 18.874 14.117 ../q2/d50a10000s1long100/logb0050/c04d50b0050s748542218.log 398649 q2-extractinstructions-02.txt 20150104_134505 0.4
20150103_134644 50 4 50 100000 749682202 0 10000 6645 3353 2 0 9 10000 1 3675 3629 2 0 18.869 14.103 ../q2/d50a10000s1long100/logb0050/c04d50b0050s749682202.log 410759 q2-extractinstructions-02.txt 20150104_134507 0.4
20150103_133310 50 4 50 100000 764644760 0 10000 6692 3308 0 0 9 10000 1 3581 3527 0 0 18.293 13.853 ../q2/d50a10000s1long100/logb0050/c04d50b0050s764644760.log 405171 q2-extractinstructions-02.txt 20150104_134508 0.4
20150103_132901 50 4 50 100000 771297240 0 10000 6681 3319 0 0 9 10000 1 3653 3609 0 0 19.047 13.791 ../q2/d50a10000s1long100/logb0050/c04d50b0050s771297240.log 406502 q2-extractinstructions-02.txt 20150104_134509 0.4
20150103_134233 50 4 50 100000 779623269 0 10000 6720 3280 0 0 9 10000 1 3547 3502 0 0 20.881 14.133 ../q2/d50a10000s1long100/logb0050/c04d50b0050s779623269.log 401864 q2-extractinstructions-02.txt 20150104_134510 0.4
20150103_133534 50 4 50 100000 792274735 0 10000 6765 3235 0 0 9 10000 1 3517 3462 0 0 18.693 13.93 ../q2/d50a10000s1long100/logb0050/c04d50b0050s792274735.log 396506 q2-extractinstructions-02.txt 20150104_134512 0.4
20150103_132810 50 4 50 100000 792850679 0 10000 6710 3290 0 0 9 10000 1 3571 3513 0 0 18.744 13.9 ../q2/d50a10000s1long100/logb0050/c04d50b0050s792850679.log 403066 q2-extractinstructions-02.txt 20150104_134513 0.4
20150103_132745 50 4 50 100000 817713633 0 10000 6728 3271 1 0 9 10000 1 3578 3521 1 0 19.028 13.79 ../q2/d50a10000s1long100/logb0050/c04d50b0050s817713633.log 400917 q2-extractinstructions-02.txt 20150104_134514 0.4
20150103_133526 50 4 50 100000 821083276 0 10000 6769 3231 0 0 9 10000 1 3465 3413 0 0 20.781 13.993 ../q2/d50a10000s1long100/logb0050/c04d50b0050s821083276.log 396035 q2-extractinstructions-02.txt 20150104_134515 0.4
20150103_133938 50 4 50 100000 830503386 0 10000 6726 3274 0 0 9 10000 1 3548 3503 0 0 19.570 14.867 ../q2/d50a10000s1long100/logb0050/c04d50b0050s830503386.log 401141 q2-extractinstructions-02.txt 20150104_134517 0.4
20150103_133355 50 4 50 100000 835080798 0 10000 6780 3220 1 0 9 10000 1 3482 3432 1 0 20.880 13.993 ../q2/d50a10000s1long100/logb0050/c04d50b0050s835080798.log 394714 q2-extractinstructions-02.txt 20150104_134518 0.4
20150103_134039 50 4 50 100000 844916563 0 10000 6738 3262 0 0 9 10000 1 3518 3470 0 0 19.597 15.117 ../q2/d50a10000s1long100/logb0050/c04d50b0050s844916563.log 399704 q2-extractinstructions-02.txt 20150104_134519 0.4
20150103_133627 50 4 50 100000 847753645 0 10000 6721 3279 0 0 9 10000 1 3520 3467 0 0 21.587 14.009 ../q2/d50a10000s1long100/logb0050/c04d50b0050s847753645.log 401727 q2-extractinstructions-02.txt 20150104_134520 0.4
20150103_133340 50 4 50 100000 855242110 0 10000 6755 3245 0 0 9 10000 1 3540 3504 0 0 19.392 13.9 ../q2/d50a10000s1long100/logb0050/c04d50b0050s855242110.log 397704 q2-extractinstructions-02.txt 20150104_134522 0.4
20150103_133837 50 4 50 100000 862671664 0 10000 6728 3271 1 0 9 10000 1 3511 3467 0 0 18.761 13.994 ../q2/d50a10000s1long100/logb0050/c04d50b0050s862671664.log 400925 q2-extractinstructions-02.txt 20150104_134523 0.4
20150103_133118 50 4 50 100000 869373100 0 10000 6692 3308 0 0 9 10000 1 3589 3531 0 0 18.291 13.821 ../q2/d50a10000s1long100/logb0050/c04d50b0050s869373100.log 405186 q2-extractinstructions-02.txt 20150104_134524 0.4
20150103_132357 50 4 50 100000 919028296 0 10000 6682 3318 0 0 9 10000 1 3615 3563 0 0 18.911 13.807 ../q2/d50a10000s1long100/logb0050/c04d50b0050s919028296.log 406367 q2-extractinstructions-02.txt 20150104_134525 0.4
20150103_133658 50 4 50 100000 9255885 0 10000 6679 3321 0 0 9 10000 1 3645 3583 0 0 21.731 15.039 ../q2/d50a10000s1long100/logb0050/c04d50b0050s9255885.log 406761 q2-extractinstructions-02.txt 20150104_134527 0.4
20150103_132926 50 4 50 100000 932031761 0 10000 6752 3248 0 0 9 10000 1 3533 3484 0 0 18.192 13.791 ../q2/d50a10000s1long100/logb0050/c04d50b0050s932031761.log 398041 q2-extractinstructions-02.txt 20150104_134528 0.4
20150103_133400 50 4 50 100000 937674136 0 10000 6729 3271 0 0 9 10000 1 3569 3522 0 0 19.396 14.992 ../q2/d50a10000s1long100/logb0050/c04d50b0050s937674136.log 400786 q2-extractinstructions-02.txt 20150104_134529 0.4
20150103_134435 50 4 50 100000 950542138 0 10000 6672 3328 0 0 9 10000 1 3554 3517 0 0 20.942 14.055 ../q2/d50a10000s1long100/logb0050/c04d50b0050s950542138.log 407535 q2-extractinstructions-02.txt 20150104_134530 0.4
20150103_134341 50 4 50 100000 955201089 0 10000 6711 3289 1 0 9 10000 1 3562 3513 1 0 19.510 14.852 ../q2/d50a10000s1long100/logb0050/c04d50b0050s955201089.log 402923 q2-extractinstructions-02.txt 20150104_134532 0.4
20150103_133728 50 4 50 100000 960426761 0 10000 6657 3343 1 0 9 10000 1 3648 3599 1 0 21.147 14.072 ../q2/d50a10000s1long100/logb0050/c04d50b0050s960426761.log 409339 q2-extractinstructions-02.txt 20150104_134533 0.4
20150103_132508 50 4 50 100000 967561224 0 10000 6679 3320 1 0 9 10000 1 3634 3575 1 0 19.966 14.616 ../q2/d50a10000s1long100/logb0050/c04d50b0050s967561224.log 406737 q2-extractinstructions-02.txt 20150104_134534 0.4
20150103_132826 50 4 50 100000 969331491 0 10000 6734 3266 0 0 9 10000 1 3534 3487 0 0 18.802 13.822 ../q2/d50a10000s1long100/logb0050/c04d50b0050s969331491.log 400178 q2-extractinstructions-02.txt 20150104_134535 0.4
20150103_133057 50 4 50 100000 974358641 0 10000 6750 3250 0 0 9 10000 1 3530 3474 0 0 18.868 13.836 ../q2/d50a10000s1long100/logb0050/c04d50b0050s974358641.log 398260 q2-extractinstructions-02.txt 20150104_134536 0.4
20150103_133604 50 4 50 100000 97735260 0 10000 6695 3305 0 0 9 10000 1 3696 3640 0 0 18.838 14.055 ../q2/d50a10000s1long100/logb0050/c04d50b0050s97735260.log 404823 q2-extractinstructions-02.txt 20150104_134538 0.4
20150103_133148 50 4 50 100000 981597449 0 10000 6618 3382 1 0 9 10000 1 3683 3632 1 0 18.344 13.822 ../q2/d50a10000s1long100/logb0050/c04d50b0050s981597449.log 413994 q2-extractinstructions-02.txt 20150104_134539 0.4
20150103_133022 50 4 50 100000 981995409 0 10000 6723 3277 0 0 9 10000 1 3544 3491 0 0 20.910 15.663 ../q2/d50a10000s1long100/logb0050/c04d50b0050s981995409.log 401505 q2-extractinstructions-02.txt 20150104_134540 0.4
20150103_132846 50 4 50 100000 985655050 0 10000 6715 3285 0 0 9 10000 1 3542 3498 0 0 18.966 13.682 ../q2/d50a10000s1long100/logb0050/c04d50b0050s985655050.log 402457 q2-extractinstructions-02.txt 20150104_134541 0.4
20150103_133930 50 4 50 100000 987909730 0 10000 6661 3339 0 0 9 10000 1 3569 3524 0 0 22.395 14.088 ../q2/d50a10000s1long100/logb0050/c04d50b0050s987909730.log 408887 q2-extractinstructions-02.txt 20150104_134543 0.4
20150102_174603 50 3 100 100000 103765041 0 10000 8609 1384 9 0 9 10000 1 1339 1321 9 0 13.134 8.876 ../q2/d50a10000s1long100/logb0100/c03d50b0100s103765041.log 176632 q2-extractinstructions-02.txt 20150104_134543 0.4
20150102_174624 50 3 100 100000 105731136 0 10000 8612 1379 10 0 9 10000 1 1341 1321 10 0 13.350 9.251 ../q2/d50a10000s1long100/logb0100/c03d50b0100s105731136.log 176261 q2-extractinstructions-02.txt 20150104_134544 0.4
20150102_174619 50 3 100 100000 117661523 0 10000 8605 1392 3 0 9 10000 1 1359 1353 3 0 13.143 9.251 ../q2/d50a10000s1long100/logb0100/c03d50b0100s117661523.log 177106 q2-extractinstructions-02.txt 20150104_134545 0.4
20150102_174608 50 3 100 100000 141246882 0 10000 8595 1400 5 0 9 10000 1 1364 1354 5 0 12.720 8.549 ../q2/d50a10000s1long100/logb0100/c03d50b0100s141246882.log 178275 q2-extractinstructions-02.txt 20150104_134546 0.4
20150102_174831 50 3 100 100000 229298583 0 10000 8575 1423 2 0 9 10000 1 1390 1386 2 0 12.888 8.845 ../q2/d50a10000s1long100/logb0100/c03d50b0100s229298583.log 180676 q2-extractinstructions-02.txt 20150104_134546 0.4
20150102_174710 50 3 100 100000 258760793 0 10000 8584 1411 8 0 9 10000 1 1374 1362 6 0 12.796 8.737 ../q2/d50a10000s1long100/logb0100/c03d50b0100s258760793.log 179593 q2-extractinstructions-02.txt 20150104_134547 0.4
20150102_174639 50 3 100 100000 263688301 0 10000 8596 1401 4 0 9 10000 1 1346 1338 4 0 12.976 8.83 ../q2/d50a10000s1long100/logb0100/c03d50b0100s263688301.log 178146 q2-extractinstructions-02.txt 20150104_134548 0.4
20150102_175024 50 3 100 100000 336520112 0 10000 8558 1437 5 0 9 10000 1 1389 1381 4 0 11.940 8.752 ../q2/d50a10000s1long100/logb0100/c03d50b0100s336520112.log 182701 q2-extractinstructions-02.txt 20150104_134548 0.4
20150102_174933 50 3 100 100000 364245801 0 10000 8596 1397 9 0 9 10000 1 1381 1365 8 0 12.663 8.674 ../q2/d50a10000s1long100/logb0100/c03d50b0100s364245801.log 178158 q2-extractinstructions-02.txt 20150104_134549 0.4
20150102_174720 50 3 100 100000 376517787 0 10000 8567 1425 8 0 9 10000 1 1417 1401 8 0 12.796 8.487 ../q2/d50a10000s1long100/logb0100/c03d50b0100s376517787.log 181619 q2-extractinstructions-02.txt 20150104_134550 0.4
20150102_174634 50 3 100 100000 420477893 0 10000 8577 1418 6 0 9 10000 1 1366 1356 5 0 13.095 8.876 ../q2/d50a10000s1long100/logb0100/c03d50b0100s420477893.log 180415 q2-extractinstructions-02.txt 20150104_134551 0.4
20150102_174852 50 3 100 100000 487615299 0 10000 8602 1394 4 0 9 10000 1 1385 1377 4 0 13.202 9.235 ../q2/d50a10000s1long100/logb0100/c03d50b0100s487615299.log 177435 q2-extractinstructions-02.txt 20150104_134551 0.4
20150102_174816 50 3 100 100000 488153710 0 10000 8638 1356 6 0 9 10000 1 1308 1298 5 0 12.518 8.455 ../q2/d50a10000s1long100/logb0100/c03d50b0100s488153710.log 173165 q2-extractinstructions-02.txt 20150104_134552 0.4
20150102_174837 50 3 100 100000 49497595 0 10000 8575 1419 6 0 9 10000 1 1381 1369 6 0 13.086 9.094 ../q2/d50a10000s1long100/logb0100/c03d50b0100s49497595.log 180640 q2-extractinstructions-02.txt 20150104_134553 0.4
20150102_174644 50 3 100 100000 50746969 0 10000 8578 1412 12 0 9 10000 1 1367 1345 11 0 12.921 8.846 ../q2/d50a10000s1long100/logb0100/c03d50b0100s50746969.log 180295 q2-extractinstructions-02.txt 20150104_134554 0.4
20150102_174821 50 3 100 100000 51492881 0 10000 8605 1390 5 0 9 10000 1 1321 1313 4 0 12.575 8.533 ../q2/d50a10000s1long100/logb0100/c03d50b0100s51492881.log 177068 q2-extractinstructions-02.txt 20150104_134554 0.4
20150102_174730 50 3 100 100000 519606501 0 10000 8568 1425 7 0 9 10000 1 1355 1343 6 0 14.053 8.985 ../q2/d50a10000s1long100/logb0100/c03d50b0100s519606501.log 181491 q2-extractinstructions-02.txt 20150104_134555 0.4
20150102_174649 50 3 100 100000 533657980 0 10000 8640 1352 8 0 9 10000 1 1323 1311 6 0 12.541 8.595 ../q2/d50a10000s1long100/logb0100/c03d50b0100s533657980.log 172932 q2-extractinstructions-02.txt 20150104_134556 0.4
20150102_174912 50 3 100 100000 580369466 0 10000 8576 1414 11 0 9 10000 1 1373 1351 11 0 12.738 8.736 ../q2/d50a10000s1long100/logb0100/c03d50b0100s580369466.log 180568 q2-extractinstructions-02.txt 20150104_134556 0.4
20150102_174659 50 3 100 100000 597296547 0 10000 8598 1390 13 0 9 10000 1 1383 1357 13 0 12.688 8.486 ../q2/d50a10000s1long100/logb0100/c03d50b0100s597296547.log 177943 q2-extractinstructions-02.txt 20150104_134557 0.4
20150102_174938 50 3 100 100000 603593284 0 10000 8583 1413 4 0 9 10000 1 1344 1340 2 0 12.271 8.44 ../q2/d50a10000s1long100/logb0100/c03d50b0100s603593284.log 179712 q2-extractinstructions-02.txt 20150104_134558 0.4
20150102_175014 50 3 100 100000 60400782 0 10000 8622 1374 6 0 9 10000 1 1321 1311 5 0 13.184 9.173 ../q2/d50a10000s1long100/logb0100/c03d50b0100s60400782.log 175048 q2-extractinstructions-02.txt 20150104_134558 0.4
20150102_174902 50 3 100 100000 619181484 0 10000 8585 1410 5 0 9 10000 1 1365 1357 4 0 12.607 8.517 ../q2/d50a10000s1long100/logb0100/c03d50b0100s619181484.log 179484 q2-extractinstructions-02.txt 20150104_134559 0.4
20150102_175019 50 3 100 100000 65398367 0 10000 8641 1353 6 0 9 10000 1 1323 1311 6 0 11.908 8.44 ../q2/d50a10000s1long100/logb0100/c03d50b0100s65398367.log 172800 q2-extractinstructions-02.txt 20150104_134600 0.4
20150102_174800 50 3 100 100000 656627946 0 10000 8577 1420 4 0 9 10000 1 1386 1380 3 0 12.750 8.798 ../q2/d50a10000s1long100/logb0100/c03d50b0100s656627946.log 180416 q2-extractinstructions-02.txt 20150104_134601 0.4
20150102_174705 50 3 100 100000 664375964 0 10000 8596 1398 7 0 9 10000 1 1357 1343 7 0 12.768 8.783 ../q2/d50a10000s1long100/logb0100/c03d50b0100s664375964.log 178159 q2-extractinstructions-02.txt 20150104_134601 0.4
20150102_174715 50 3 100 100000 666549275 0 10000 8631 1360 10 0 9 10000 1 1310 1292 9 0 12.576 8.486 ../q2/d50a10000s1long100/logb0100/c03d50b0100s666549275.log 174004 q2-extractinstructions-02.txt 20150104_134602 0.4
20150102_174613 50 3 100 100000 681028781 0 10000 8612 1382 7 0 9 10000 1 1365 1355 5 0 11.877 8.517 ../q2/d50a10000s1long100/logb0100/c03d50b0100s681028781.log 176295 q2-extractinstructions-02.txt 20150104_134603 0.4
20150102_174922 50 3 100 100000 691574937 0 10000 8599 1389 12 0 9 10000 1 1358 1336 11 0 12.651 8.486 ../q2/d50a10000s1long100/logb0100/c03d50b0100s691574937.log 177816 q2-extractinstructions-02.txt 20150104_134603 0.4
20150102_174928 50 3 100 100000 696282793 0 10000 8563 1430 7 0 9 10000 1 1400 1388 6 0 12.595 8.503 ../q2/d50a10000s1long100/logb0100/c03d50b0100s696282793.log 182079 q2-extractinstructions-02.txt 20150104_134604 0.4
20150102_174943 50 3 100 100000 70757215 0 10000 8598 1396 7 0 9 10000 1 1377 1365 6 0 12.733 8.783 ../q2/d50a10000s1long100/logb0100/c03d50b0100s70757215.log 177915 q2-extractinstructions-02.txt 20150104_134605 0.4
20150102_174654 50 3 100 100000 711283608 0 10000 8625 1369 7 0 9 10000 1 1324 1312 6 0 12.596 8.471 ../q2/d50a10000s1long100/logb0100/c03d50b0100s711283608.log 174718 q2-extractinstructions-02.txt 20150104_134606 0.4
20150102_174953 50 3 100 100000 71232281 0 10000 8600 1394 9 0 9 10000 1 1364 1346 9 0 12.838 8.767 ../q2/d50a10000s1long100/logb0100/c03d50b0100s71232281.log 177669 q2-extractinstructions-02.txt 20150104_134606 0.4
20150102_174735 50 3 100 100000 715258232 1 10000 8569 1422 8 1 9 10000 1 1383 1369 7 1 12.454 8.908 ../q2/d50a10000s1long100/logb0100/c03d50b0100s715258232.log 181372 q2-extractinstructions-02.txt 20150104_134607 0.4
20150102_174846 50 3 100 100000 731421358 0 10000 8631 1364 6 0 9 10000 1 1319 1307 6 0 12.674 8.861 ../q2/d50a10000s1long100/logb0100/c03d50b0100s731421358.log 174006 q2-extractinstructions-02.txt 20150104_134608 0.4
20150102_174948 50 3 100 100000 764644760 0 10000 8614 1377 9 0 9 10000 1 1324 1308 8 0 12.580 8.549 ../q2/d50a10000s1long100/logb0100/c03d50b0100s764644760.log 176025 q2-extractinstructions-02.txt 20150104_134608 0.4
20150102_174811 50 3 100 100000 771297240 0 10000 8581 1413 6 0 9 10000 1 1386 1374 6 0 12.602 8.564 ../q2/d50a10000s1long100/logb0100/c03d50b0100s771297240.log 179981 q2-extractinstructions-02.txt 20150104_134609 0.4
20150102_174741 50 3 100 100000 792850679 0 10000 8655 1339 6 0 9 10000 1 1313 1301 6 0 11.854 8.408 ../q2/d50a10000s1long100/logb0100/c03d50b0100s792850679.log 171161 q2-extractinstructions-02.txt 20150104_134610 0.4
20150102_174725 50 3 100 100000 817713633 0 10000 8675 1320 6 0 9 10000 1 1256 1244 6 0 12.385 8.548 ../q2/d50a10000s1long100/logb0100/c03d50b0100s817713633.log 168784 q2-extractinstructions-02.txt 20150104_134611 0.4
20150102_175004 50 3 100 100000 835080798 0 10000 8640 1348 13 0 9 10000 1 1314 1294 10 0 12.742 8.767 ../q2/d50a10000s1long100/logb0100/c03d50b0100s835080798.log 172935 q2-extractinstructions-02.txt 20150104_134611 0.4
20150102_174958 50 3 100 100000 855242110 0 10000 8613 1382 8 0 9 10000 1 1344 1328 8 0 12.757 8.752 ../q2/d50a10000s1long100/logb0100/c03d50b0100s855242110.log 176150 q2-extractinstructions-02.txt 20150104_134612 0.4
20150102_174907 50 3 100 100000 869373100 0 10000 8588 1402 11 0 9 10000 1 1364 1342 11 0 12.419 8.548 ../q2/d50a10000s1long100/logb0100/c03d50b0100s869373100.log 179101 q2-extractinstructions-02.txt 20150104_134613 0.4
20150102_174557 50 3 100 100000 919028296 0 10000 8536 1456 8 0 9 10000 1 1439 1423 8 0 13.432 8.752 ../q2/d50a10000s1long100/logb0100/c03d50b0100s919028296.log 185301 q2-extractinstructions-02.txt 20150104_134613 0.4
20150102_174826 50 3 100 100000 932031761 0 10000 8635 1358 8 0 9 10000 1 1327 1317 5 0 13.135 9.282 ../q2/d50a10000s1long100/logb0100/c03d50b0100s932031761.log 173534 q2-extractinstructions-02.txt 20150104_134614 0.4
20150102_175009 50 3 100 100000 937674136 0 10000 8606 1385 9 0 9 10000 1 1350 1334 8 0 13.363 9.235 ../q2/d50a10000s1long100/logb0100/c03d50b0100s937674136.log 176975 q2-extractinstructions-02.txt 20150104_134615 0.4
20150102_174629 50 3 100 100000 967561224 0 10000 8556 1438 7 0 9 10000 1 1373 1361 6 0 13.107 8.845 ../q2/d50a10000s1long100/logb0100/c03d50b0100s967561224.log 182918 q2-extractinstructions-02.txt 20150104_134616 0.4
20150102_174755 50 3 100 100000 969331491 0 10000 8629 1365 6 0 9 10000 1 1326 1316 5 0 13.153 9.235 ../q2/d50a10000s1long100/logb0100/c03d50b0100s969331491.log 174228 q2-extractinstructions-02.txt 20150104_134616 0.4
20150102_174857 50 3 100 100000 974358641 0 10000 8670 1320 11 0 9 10000 1 1284 1268 8 0 12.313 8.471 ../q2/d50a10000s1long100/logb0100/c03d50b0100s974358641.log 169350 q2-extractinstructions-02.txt 20150104_134617 0.4
20150102_174917 50 3 100 100000 981597449 0 10000 8628 1364 9 0 9 10000 1 1317 1301 8 0 12.698 8.689 ../q2/d50a10000s1long100/logb0100/c03d50b0100s981597449.log 174364 q2-extractinstructions-02.txt 20150104_134618 0.4
20150102_174842 50 3 100 100000 981995409 0 10000 8600 1398 2 0 9 10000 1 1348 1346 1 0 12.905 8.752 ../q2/d50a10000s1long100/logb0100/c03d50b0100s981995409.log 177709 q2-extractinstructions-02.txt 20150104_134618 0.4
20150102_174806 50 3 100 100000 985655050 0 10000 8633 1363 4 0 9 10000 1 1340 1332 4 0 12.512 8.378 ../q2/d50a10000s1long100/logb0100/c03d50b0100s985655050.log 173779 q2-extractinstructions-02.txt 20150104_134619 0.4
